<<<<<<< HEAD
0.0094039548065783	5637.3041880085
0.00752316384526264	5389.326222816405
0.006018531076210112	4955.562573323678
0.004814824860968089	4389.405504622378
0.003851859888774471	3748.5784727835207
0.003081487911019577	3040.77935971451
0.0024651903288156617	2238.737307212385
0.0019721522630525294	1633.5607493102011
0.0015777218104420234	1053.6931093386372
0.0012621774483536187	633.5851982672343
0.001009741958682895	340.4899623388538
8.077935669463161E-4	164.01258097392292
6.462348535570528E-4	71.16339612607906
5.169878828456423E-4	25.864247453342767
4.1359030627651384E-4	8.746491432800005
3.3087224502121107E-4	1.2065516281858155
2.6469779601696886E-4	0.5316862727846913
2.1175823681357508E-4	5.039222792414262E-4
1.6940658945086007E-4	4.025618539415719E-4
1.3552527156068805E-4	3.1976970308676873E-4
1.0842021724855044E-4	2.5739485841379744E-4
8.673617379884035E-5	2.0439480575309182E-4
6.938893903907228E-5	1.6539517982748316E-4
5.551115123125783E-5	1.3163275829843074E-4
4.440892098500626E-5	1.0552249797100153E-4
3.552713678800501E-5	8.409779802585882E-5
2.8421709430404007E-5	6.714356052737905E-5
2.2737367544323206E-5	5.3603164297610254E-5
1.8189894035458565E-5	4.337685929724992E-5
1.4551915228366852E-5	3.4394409105608876E-5
1.1641532182693481E-5	2.7668574636145725E-5
9.313225746154785E-6	2.2134859708837914E-5
7.450580596923828E-6	1.7791385984447952E-5
5.9604644775390625E-6	1.4202474925302092E-5
4.76837158203125E-6	1.1361979940093448E-5
3.814697265625E-6	9.08958395245315E-6
3.0517578125E-6	7.271667161844832E-6
2.44140625E-6	5.780791885690889E-6
1.953125E-6	4.62463350831955E-6
1.5624999999999999E-6	3.6997068063811164E-6
1.2499999999999999E-6	2.9597654454111552E-6
1.0E-6	2.3678123563965215E-6
=======
0.008271806125530277	5496.1479664073995
0.006617444900424221	5193.368722425293
0.005293955920339377	4662.209264976914
0.004235164736271502	4012.6165251302696
0.0033881317890172014	3355.5641643565864
0.002710505431213761	2554.4076641874626
0.002168404344971009	1887.3533656515324
0.001734723475976807	1278.0218033180163
0.0013877787807814457	787.3823493964518
0.0011102230246251565	460.219575730397
8.881784197001252E-4	231.68398685830658
7.105427357601002E-4	103.31246959221724
5.684341886080801E-4	44.05610761949523
4.547473508864641E-4	11.278384817597804
3.637978807091713E-4	3.6008709363854496
2.9103830456733704E-4	0.28846906643890285
2.3283064365386963E-4	5.540907428427962E-4
1.862645149230957E-4	4.436580329274324E-4
1.4901161193847656E-4	3.514870624753691E-4
1.1920928955078125E-4	2.820004966953251E-4
9.5367431640625E-5	2.2723132359127765E-4
7.62939453125E-5	1.8044659769925843E-4
6.103515625E-5	1.448094979289266E-4
4.8828125E-5	1.152493130544685E-4
3.90625E-5	9.194945958603516E-5
3.125E-5	7.426423338069744E-5
2.5E-5	5.9489392702561095E-5
2.0E-5	4.769336117465731E-5
>>>>>>> 847e29c8b89db7684ac15a2489a83d881a491bce
