<<<<<<< HEAD
0.0094039548065783	1607949.4297775228
0.00752316384526264	1574809.4526330775
0.006018531076210112	1519929.4607642298
0.004814824860968089	1434583.9081506792
0.003851859888774471	1322781.0613422156
0.003081487911019577	1183197.6228286366
0.0024651903288156617	1036660.6302435854
0.0019721522630525294	859930.2215457177
0.0015777218104420234	701427.8297561668
0.0012621774483536187	537822.5914993926
0.001009741958682895	394112.8416392277
8.077935669463161E-4	281233.6899596202
6.462348535570528E-4	181508.49998671276
5.169878828456423E-4	111769.45259380667
4.1359030627651384E-4	58287.289051346495
3.3087224502121107E-4	28540.16469435533
2.6469779601696886E-4	13733.435230928884
2.1175823681357508E-4	4625.243096973314
1.6940658945086007E-4	896.1212376584818
1.3552527156068805E-4	135.3888079197662
1.0842021724855044E-4	2.5398990138573107E-4
8.673617379884035E-5	2.018941948015648E-4
6.938893903907228E-5	1.621729958340453E-4
5.551115123125783E-5	1.292684337104972E-4
4.440892098500626E-5	1.0265507492554599E-4
3.552713678800501E-5	8.311352153065975E-5
2.8421709430404007E-5	6.598427469111524E-5
2.2737367544323206E-5	5.276815373791961E-5
1.8189894035458565E-5	4.271723308166611E-5
1.4551915228366852E-5	3.3636651021893086E-5
1.1641532182693481E-5	2.680453028069302E-5
9.313225746154785E-6	2.1443633865732774E-5
7.450580596923828E-6	1.739942257538188E-5
5.9604644775390625E-6	1.3815278475685185E-5
4.76837158203125E-6	1.1052236892948807E-5
3.814697265625E-6	8.84180256685307E-6
3.0517578125E-6	7.073429936594032E-6
2.44140625E-6	5.7315306629329125E-6
1.953125E-6	4.585218550879683E-6
1.5624999999999999E-6	3.6681636158768575E-6
1.2499999999999999E-6	2.9345426657842497E-6
1.0E-6	2.3476317725925726E-6
=======
0.008271806125530277	1597383.413258909
0.006617444900424221	1548474.6499034113
0.005293955920339377	1469549.5436615658
0.004235164736271502	1365133.677521476
0.0033881317890172014	1249048.0201268438
0.002710505431213761	1101702.9927401023
0.002168404344971009	941868.0987060742
0.001734723475976807	769177.6955302499
0.0013877787807814457	612119.3943483761
0.0011102230246251565	458078.8851868414
8.881784197001252E-4	329102.92468841904
7.105427357601002E-4	220359.00846002097
5.684341886080801E-4	134866.38128842413
4.547473508864641E-4	80508.94554961134
3.637978807091713E-4	40518.595766601444
2.9103830456733704E-4	19447.425819118685
2.3283064365386963E-4	6021.940456916904
1.862645149230957E-4	1736.6846512262211
1.4901161193847656E-4	622.2614795979498
1.1920928955078125E-4	88.64235907915793
9.5367431640625E-5	44.54206283342788
7.62939453125E-5	1.7774456095818965E-4
6.103515625E-5	1.4304137591000617E-4
4.8828125E-5	1.1239412957787897E-4
3.90625E-5	9.01703704854511E-5
3.125E-5	7.287978292330527E-5
2.5E-5	5.807663200394063E-5
2.0E-5	4.696807088856681E-5
>>>>>>> 847e29c8b89db7684ac15a2489a83d881a491bce
