<<<<<<< HEAD
0.0094039548065783	1593018.0214663858
0.00752316384526264	1561953.593551524
0.006018531076210112	1519288.825379856
0.004814824860968089	1441397.6886740318
0.003851859888774471	1356594.3483562388
0.003081487911019577	1239876.3379209212
0.0024651903288156617	1104544.967722957
0.0019721522630525294	965500.991147455
0.0015777218104420234	827730.5131163065
0.0012621774483536187	685989.062665661
0.001009741958682895	557090.6577314789
8.077935669463161E-4	432951.98432080366
6.462348535570528E-4	325183.7315300631
5.169878828456423E-4	232535.84618386303
4.1359030627651384E-4	152567.12616283624
3.3087224502121107E-4	96111.41354924925
2.6469779601696886E-4	55010.18442400751
2.1175823681357508E-4	28111.433617777988
1.6940658945086007E-4	13114.138207087897
1.3552527156068805E-4	4962.647824572329
1.0842021724855044E-4	1810.2734953744052
8.673617379884035E-5	313.15072819086345
6.938893903907228E-5	63.406556169840115
5.551115123125783E-5	2.397635241261581E-5
4.440892098500626E-5	1.911636476153974E-5
3.552713678800501E-5	1.5196103604697951E-5
2.8421709430404007E-5	1.2228256778847052E-5
2.2737367544323206E-5	9.783726236874697E-6
1.8189894035458565E-5	7.834995859063368E-6
1.4551915228366852E-5	6.219218049371218E-6
1.1641532182693481E-5	4.985376660399098E-6
9.313225746154785E-6	3.98830132848921E-6
7.450580596923828E-6	3.196391441917164E-6
5.9604644775390625E-6	2.590401980309107E-6
4.76837158203125E-6	2.0723215840849366E-6
3.814697265625E-6	1.6578572673246215E-6
3.0517578125E-6	1.3262858138253407E-6
2.44140625E-6	1.0468292260183573E-6
1.953125E-6	8.374633808610522E-7
1.5624999999999999E-6	6.69970704702822E-7
1.2499999999999999E-6	5.359765637788948E-7
1.0E-6	4.287812510057839E-7
=======
0.008271806125530277	1394977.3167725534
0.006617444900424221	1291669.642233272
0.005293955920339377	1173137.3344303689
0.004235164736271502	1009521.1399372453
0.0033881317890172014	834521.6278080754
0.002710505431213761	645590.0601103631
0.002168404344971009	484543.351506115
0.001734723475976807	329958.8728416939
0.0013877787807814457	204023.94703143835
0.0011102230246251565	120618.14829578351
8.881784197001252E-4	59856.944999823085
7.105427357601002E-4	27589.113160091973
5.684341886080801E-4	11042.013159128854
4.547473508864641E-4	3626.81267585967
3.637978807091713E-4	485.9204287245552
2.9103830456733704E-4	182.36814355823932
2.3283064365386963E-4	0.0010245688900919544
1.862645149230957E-4	8.146995464246562E-4
1.4901161193847656E-4	6.535767176444694E-4
1.1920928955078125E-4	5.213254144194872E-4
9.5367431640625E-5	4.216216854059822E-4
7.62939453125E-5	3.361662162161931E-4
6.103515625E-5	2.703457019816687E-4
4.8828125E-5	2.1240645970532816E-4
3.90625E-5	1.7038359569657117E-4
3.125E-5	1.3779004518136128E-4
2.5E-5	1.0990263254928088E-4
2.0E-5	8.888969602644004E-5
>>>>>>> 847e29c8b89db7684ac15a2489a83d881a491bce
