0.008131516293641283	3965.230315386753
0.006505213034913027	3440.726220943282
0.005204170427930421	2878.5017573330906
0.004163336342344337	2290.4960632005987
0.0033306690738754696	1744.3933706404127
0.0026645352591003757	1183.6615930976006
0.0021316282072803006	764.9934658435585
0.0017053025658242404	437.9963328093872
0.0013642420526593924	225.07813928249666
0.0010913936421275139	104.55936705245152
8.731149137020111E-4	36.51381387431579
6.984919309616089E-4	11.453758941892906
5.587935447692871E-4	3.4348941083172133
4.470348358154297E-4	0.9901249250475619
3.5762786865234375E-4	9.029276538710742E-4
2.86102294921875E-4	7.190651827066543E-4
2.288818359375E-4	5.763010039657548E-4
1.8310546875E-4	4.615552670495871E-4
1.46484375E-4	3.686356157510229E-4
1.171875E-4	2.941515058871248E-4
9.375E-5	2.3701931510045963E-4
7.500000000000001E-5	1.881291001820255E-4
6.0E-5	1.5102300206438468E-4
