<<<<<<< HEAD
0.0094039548065783	3207.4643261321016
0.00752316384526264	2790.624589469062
0.006018531076210112	2328.351453205043
0.004814824860968089	1850.66871149979
0.003851859888774471	1423.9701215809855
0.003081487911019577	1056.9011213559818
0.0024651903288156617	712.8264187431026
0.0019721522630525294	461.3238729455214
0.0015777218104420234	261.42662538829876
0.0012621774483536187	134.06157987350798
0.001009741958682895	56.11330274830493
8.077935669463161E-4	19.729411507476634
6.462348535570528E-4	6.313339036049834
5.169878828456423E-4	1.2077106893765095
4.1359030627651384E-4	0.5282228978144407
3.3087224502121107E-4	0.001157594570493813
2.6469779601696886E-4	9.246869465512683E-4
2.1175823681357508E-4	7.43175030858502E-4
1.6940658945086007E-4	5.933568993337013E-4
1.3552527156068805E-4	4.7182571487117863E-4
1.0842021724855044E-4	3.794861258654969E-4
8.673617379884035E-5	3.0173463384642105E-4
6.938893903907228E-5	2.4390896792420624E-4
5.551115123125783E-5	1.9414022334569712E-4
4.440892098500626E-5	1.5539798136280438E-4
3.552713678800501E-5	1.2407025821880072E-4
2.8421709430404007E-5	9.903905274391958E-5
2.2737367544323206E-5	7.905118476986975E-5
1.8189894035458565E-5	6.401564535598545E-5
1.4551915228366852E-5	5.069088077966269E-5
1.1641532182693481E-5	4.078935920649451E-5
9.313225746154785E-6	3.263148736519534E-5
7.450580596923828E-6	2.6233895614084605E-5
5.9604644775390625E-6	2.0968628180090905E-5
4.76837158203125E-6	1.6774902544072643E-5
3.814697265625E-6	1.3419922035258358E-5
3.0517578125E-6	1.0735937628206549E-5
2.44140625E-6	8.529065312397783E-6
1.953125E-6	6.823252249918281E-6
1.5624999999999999E-6	5.4586017999343874E-6
1.2499999999999999E-6	4.3668814399476975E-6
1.0E-6	3.4935051519580585E-6
=======
0.008271806125530277	2935.8209561379
0.006617444900424221	2513.2928988963235
0.005293955920339377	2069.5768619886467
0.004235164736271502	1598.5491862891124
0.0033881317890172014	1236.2233482253737
0.002710505431213761	843.2700656273117
0.002168404344971009	567.0292328962831
0.001734723475976807	343.32065510158776
0.0013877787807814457	180.46475248707472
0.0011102230246251565	87.60730550411792
8.881784197001252E-4	36.108816314516616
7.105427357601002E-4	12.323058447818225
5.684341886080801E-4	2.506157073748779
4.547473508864641E-4	0.1748166723544682
3.637978807091713E-4	0.16421556429273665
2.9103830456733704E-4	0.0010227528506637734
2.3283064365386963E-4	8.171344596018674E-4
1.862645149230957E-4	6.54223128987071E-4
1.4901161193847656E-4	5.177775212356148E-4
1.1920928955078125E-4	4.1583520324406777E-4
9.5367431640625E-5	3.35182970890292E-4
7.62939453125E-5	2.662137979846106E-4
6.103515625E-5	2.1366834956336851E-4
4.8828125E-5	1.6984818598527805E-4
3.90625E-5	1.357247288930579E-4
3.125E-5	1.0955337156311373E-4
2.5E-5	8.766504374573037E-5
2.0E-5	7.038594642848999E-5
>>>>>>> 847e29c8b89db7684ac15a2489a83d881a491bce
