0.008131516293641283	5506.961104446863
0.006505213034913027	5213.168215511872
0.005204170427930421	4700.946313264605
0.004163336342344337	4062.019053710605
0.0033306690738754696	3378.663965742885
0.0026645352591003757	2607.2100983733108
0.0021316282072803006	1894.4102621924633
0.0017053025658242404	1321.1373963220158
0.0013642420526593924	821.3741824828923
0.0010913936421275139	483.01775919794125
8.731149137020111E-4	244.5990507716208
6.984919309616089E-4	113.24025471568169
5.587935447692871E-4	39.78604445314931
4.470348358154297E-4	13.641161979027826
3.5762786865234375E-4	3.662686265504252
2.86102294921875E-4	0.22646109468421202
2.288818359375E-4	0.14481631918006152
1.8310546875E-4	9.976736725721526E-4
1.46484375E-4	7.941555161640124E-4
1.171875E-4	6.344741156598865E-4
9.375E-5	5.10984340512075E-4
7.500000000000001E-5	4.0725968716320246E-4
6.0E-5	3.266865466696394E-4
