0.017936620343357655	5707.822622289595
0.014349296274686124	5748.467456499605
0.011479437019748899	5732.150053341501
0.00918354961579912	5629.313837692551
0.007346839692639296	5389.546030802261
0.005877471754111437	4988.925881481579
0.00470197740328915	4435.37042587178
0.00376158192263132	3765.8734678493265
0.003009265538105056	3029.512058173146
0.0024074124304840445	2298.2614935973925
0.0019259299443872356	1633.2818106991854
0.0015407439555097885	1075.9924112030237
0.0012325951644078308	649.4220951684131
9.860761315262647E-4	356.5466830831098
7.888609052210117E-4	173.49542192055867
6.310887241768094E-4	72.94807714288973
5.048709793414475E-4	25.891156919015792
4.0389678347315804E-4	7.176535358864888
3.231174267785264E-4	1.4980574769377928
2.5849394142282115E-4	0.20000509064356584
2.0679515313825692E-4	0.02524165220414571
1.6543612251060553E-4	0.0017107477695036228
1.3234889800848443E-4	7.200961330084316E-4
1.0587911840678754E-4	5.754895012120671E-4
8.470329472543003E-5	4.602271103205584E-4
6.776263578034403E-5	3.6838080079459185E-4
5.421010862427522E-5	2.948852840930687E-4
4.336808689942018E-5	2.3598906543956987E-4
3.469446951953614E-5	1.8849244705175524E-4
2.7755575615628914E-5	1.5085115446691774E-4
2.220446049250313E-5	1.2067186646483023E-4
1.7763568394002505E-5	9.66039668226219E-5
1.4210854715202004E-5	7.729741270395295E-5
1.1368683772161603E-5	6.182138012125833E-5
9.094947017729282E-6	4.9457104097005935E-5
7.275957614183426E-6	3.958020326919462E-5
5.820766091346741E-6	3.169333842195674E-5
4.656612873077393E-6	2.535467073756491E-5
3.725290298461914E-6	2.0283736590049973E-5
2.9802322387695312E-6	1.6204168086159784E-5
2.384185791015625E-6	1.296333446892685E-5
1.9073486328125E-6	1.0370667575141045E-5
1.52587890625E-6	8.296534060112435E-6
1.220703125E-6	6.637227248090392E-6
9.765625E-7	5.309781798472916E-6
7.812499999999999E-7	4.247825438778711E-6
6.249999999999999E-7	3.398260351023169E-6
5.0E-7	2.7186082808176274E-6
