0.017936620343357655	5297.149691278397
0.014349296274686124	5263.151353173662
0.011479437019748899	5228.824778197546
0.00918354961579912	5190.601877821763
0.007346839692639296	5160.976474762301
0.005877471754111437	5138.562502159256
0.00470197740328915	5137.4448171117865
0.00376158192263132	5155.622911459693
0.003009265538105056	5194.433628225435
0.0024074124304840445	5251.44420166349
0.0019259299443872356	5317.91490934328
0.0015407439555097885	5389.127745647626
0.0012325951644078308	5468.303335844913
9.860761315262647E-4	5549.006135076238
7.888609052210117E-4	5641.954632659276
6.310887241768094E-4	5734.111585330199
5.048709793414475E-4	5834.721207009314
4.0389678347315804E-4	5944.190190121963
3.231174267785264E-4	6063.092179539714
2.5849394142282115E-4	6176.781744334554
2.0679515313825692E-4	6257.669342900095
1.6543612251060553E-4	6283.358122841226
1.3234889800848443E-4	6225.360337395489
1.0587911840678754E-4	6067.092059427896
8.470329472543003E-5	5782.330872665856
6.776263578034403E-5	5406.648782395018
5.421010862427522E-5	4931.507752180824
4.336808689942018E-5	4378.873931819006
3.469446951953614E-5	3769.8263634248933
2.7755575615628914E-5	3144.4725987945717
2.220446049250313E-5	2525.5245023126554
1.7763568394002505E-5	1940.0268723562808
1.4210854715202004E-5	1410.4750319822456
1.1368683772161603E-5	963.4092902139633
9.094947017729282E-6	606.8236127574401
7.275957614183426E-6	347.41276618670605
5.820766091346741E-6	175.46274413941214
4.656612873077393E-6	76.27974920686155
3.725290298461914E-6	27.53131809377462
2.9802322387695312E-6	7.8838877075527645
2.384185791015625E-6	1.699223081610801
1.9073486328125E-6	0.23641359432112496
1.52587890625E-6	0.014913280101970199
1.220703125E-6	6.946141344754051E-6
9.765625E-7	5.556505704693238E-6
7.812499999999999E-7	4.445179001198112E-6
6.249999999999999E-7	3.5561354124794476E-6
5.0E-7	2.844908329984144E-6
