0.017039337152742254	1639483.658067117
0.012621731224253521	1632286.2467505217
0.009349430536484089	1608268.3052475145
0.006925504101099324	1554668.398362656
0.005130003037851351	1461065.0505712035
0.00380000225026026	1320068.1422064085
0.0028148164816742664	1134692.5803018694
0.0020850492456846417	921182.7303768112
0.0015444809227293643	697342.8004551233
0.001144059942762492	487147.23266705207
8.474518094536978E-4	310015.88787985645
6.277420810768132E-4	177160.81356049012
4.6499413413097265E-4	87400.47432452068
3.4444009935627603E-4	36013.9896502356
2.5514081433798225E-4	11422.950626123851
1.8899319580591276E-4	2579.4562722836054
1.3999495985623166E-4	373.18076965134975
1.036999702638753E-4	23.164204761382837
7.681479278805577E-5	0.44168438169789154
5.689984650967094E-5	4.735717597596635E-4
4.21480344516081E-5	3.50592005734038E-4
3.1220766260450446E-5	2.596004362203343E-4
2.312649352625959E-5	1.923027832743102E-4
1.713073594537747E-5	1.425916650227006E-4
1.2689434033612941E-5	1.0564372592003615E-4
9.399580765639214E-6	7.818824418211817E-5
6.96265241899201E-6	5.792701229088156E-5
5.1575203103644515E-6	4.2939851459475656E-5
3.820385415084779E-6	3.180729738477166E-5
2.829915122285021E-6	2.3537119374485E-5
2.09623342391483E-6	1.7434903241474246E-5
1.5527654991961702E-6	1.2914743138462615E-5
1.1501966660712372E-6	9.56647639705623E-6
8.519975304231386E-7	7.086278810500914E-6
6.311092817949174E-7	5.2490954176501936E-6
4.67488356885124E-7	3.888218829421148E-6
3.462876717667585E-7	2.8801620947626917E-6
2.565093864938952E-7	2.133453405147768E-6
1.9000695295844086E-7	1.5803358554432035E-6
1.4074589108032655E-7	1.1706191515080448E-6
1.042562156150567E-7	8.671252982219157E-7
7.722682638152348E-8	6.423150347411849E-7
5.7205056578906276E-8	4.757889155891176E-7
4.237411598437502E-8	3.5243623399731236E-7
3.138823406250001E-8	2.6106387695533385E-7
2.3250543750000007E-8	1.9338064948373697E-7
1.7222625000000004E-8	1.4324492478464884E-7
1.2757500000000002E-8	1.0610735225414165E-7
9.45E-9	7.859803870662938E-8
7.0E-9	5.8220769469502764E-8
