0.017039337152742254	1643870.2168372779
0.012621731224253521	1643188.1579640554
0.009349430536484089	1644343.6494195566
0.006925504101099324	1645902.7498633252
0.005130003037851351	1649673.8449664607
0.00380000225026026	1653599.2105598901
0.0028148164816742664	1657828.254785127
0.0020850492456846417	1662703.6240176633
0.0015444809227293643	1669387.7555873133
0.001144059942762492	1675116.3310354832
8.474518094536978E-4	1680819.3937647645
6.277420810768132E-4	1686528.0317865312
4.6499413413097265E-4	1692787.7358398582
3.4444009935627603E-4	1694866.9127463866
2.5514081433798225E-4	1695168.9717171874
1.8899319580591276E-4	1688592.9867500903
1.3999495985623166E-4	1678958.5791715295
1.036999702638753E-4	1664661.519531548
7.681479278805577E-5	1647169.6395125908
5.689984650967094E-5	1626355.175753884
4.21480344516081E-5	1602502.598437511
3.1220766260450446E-5	1574223.2597913332
2.312649352625959E-5	1542386.8573140975
1.713073594537747E-5	1507131.9223933103
1.2689434033612941E-5	1468387.1896224504
9.399580765639214E-6	1431194.6043802588
6.96265241899201E-6	1396680.968256994
5.1575203103644515E-6	1367683.84601921
3.820385415084779E-6	1340558.854999543
2.829915122285021E-6	1310160.886171588
2.09623342391483E-6	1269900.6905774414
1.5527654991961702E-6	1215197.746321211
1.1501966660712372E-6	1144067.8855232003
8.519975304231386E-7	1053854.214174969
6.311092817949174E-7	945877.9241018835
4.67488356885124E-7	820922.0703062654
3.462876717667585E-7	683759.615355811
2.565093864938952E-7	541960.9952050924
1.9000695295844086E-7	403353.87762375607
1.4074589108032655E-7	276703.3928210782
1.042562156150567E-7	170755.8580831503
7.722682638152348E-8	91371.48287614564
5.7205056578906276E-8	40597.444389228775
4.237411598437502E-8	14014.437710008726
3.138823406250001E-8	3545.039980503091
2.3250543750000007E-8	558.2612688307606
1.7222625000000004E-8	54.28175753191928
1.2757500000000002E-8	2.3532962544531664
9.45E-9	0.38403447517542355
7.0E-9	9.098970179716864E-8
