0.008131516293641283	5266.155934121213
0.006505213034913027	5368.323578927372
0.005204170427930421	5471.045922259651
0.004163336342344337	5666.614883856421
0.0033306690738754696	5796.560594961442
0.0026645352591003757	5963.834818972667
0.0021316282072803006	6122.895259247993
0.0017053025658242404	6182.608298227893
0.0013642420526593924	6333.352187734934
0.0010913936421275139	6381.688555451453
8.731149137020111E-4	6456.890197286656
6.984919309616089E-4	6464.612561469538
5.587935447692871E-4	6466.833348780917
4.470348358154297E-4	6490.067672112067
3.5762786865234375E-4	6506.529544743015
2.86102294921875E-4	6472.230973809772
2.288818359375E-4	6446.890462852986
1.8310546875E-4	6473.970295184157
1.46484375E-4	6486.954784932096
1.171875E-4	6495.759067801854
9.375E-5	6513.7940921134195
7.500000000000001E-5	6563.283169535858
6.0E-5	6605.368134434736
