0.0946633086265214	95.26338440375359
0.07573064690121713	91.28966624108864
0.060584517520973706	85.66349603715318
0.048467614016778966	78.33084315967085
0.03877409121342317	69.75234923085691
0.03101927297073854	60.55557306869403
0.02481541837659083	51.35239882457113
0.019852334701272664	42.88999893608856
0.01588186776101813	35.524243247289036
0.012705494208814505	29.295897973868968
0.010164395367051604	24.098194160125608
0.008131516293641283	19.65524156102209
0.006505213034913027	15.653936103051125
0.005204170427930421	11.994094224897838
0.004163336342344337	8.741622585076813
0.0033306690738754696	5.953788651035375
0.0026645352591003757	3.7369524200946747
0.0021316282072803006	2.1276760716840197
0.0017053025658242404	1.0755083755595503
0.0013642420526593924	0.4647706078622653
0.0010913936421275139	0.16916397516408455
8.731149137020111E-4	0.04866500918318033
6.984919309616089E-4	0.011765536280816708
5.587935447692871E-4	0.0033263199112924316
4.470348358154297E-4	0.0016506936156762105
3.5762786865234375E-4	0.0011924036104923067
2.86102294921875E-4	9.532275682329488E-4
2.288818359375E-4	7.627166318648085E-4
1.8310546875E-4	6.10548236443427E-4
1.46484375E-4	4.885218372902868E-4
1.171875E-4	3.907205793566856E-4
9.375E-5	3.1253626564129626E-4
7.500000000000001E-5	2.4984719000930547E-4
6.0E-5	2.0008971886792602E-4
