0.0946633086265214	98.43161474408414
0.07573064690121713	97.03124976481207
0.060584517520973706	94.51210803412397
0.048467614016778966	90.59081174059739
0.03877409121342317	85.2671933366374
0.03101927297073854	78.43249157404557
0.02481541837659083	70.41871576089572
0.019852334701272664	61.556746481544046
0.01588186776101813	52.300818710834115
0.012705494208814505	43.182060211120515
0.010164395367051604	34.54740721070974
0.008131516293641283	26.627754669035394
0.006505213034913027	19.598476397577105
0.005204170427930421	13.689716428290176
0.004163336342344337	8.998634031029752
0.0033306690738754696	5.524700368414133
0.0026645352591003757	3.170885309111641
0.0021316282072803006	1.6889324834591484
0.0017053025658242404	0.8392463925114859
0.0013642420526593924	0.3747366414783517
0.0010913936421275139	0.14665836746531
8.731149137020111E-4	0.047914594096291126
6.984919309616089E-4	0.013482940595430405
5.587935447692871E-4	0.0034027447195142096
4.470348358154297E-4	0.0013583165405810145
3.5762786865234375E-4	9.019951797686642E-4
2.86102294921875E-4	7.126959986805052E-4
2.288818359375E-4	5.703046308816441E-4
1.8310546875E-4	4.565436450285502E-4
1.46484375E-4	3.653723190227803E-4
1.171875E-4	2.921844822290244E-4
9.375E-5	2.3374389500723533E-4
7.500000000000001E-5	1.8678619978084872E-4
6.0E-5	1.496320454480185E-4
