0.017039337152742254	1639592.0680513012
0.012621731224253521	1632253.1020332517
0.009349430536484089	1608069.6090578968
0.006925504101099324	1552905.9279692338
0.005130003037851351	1456639.9955112273
0.00380000225026026	1311790.4605826326
0.0028148164816742664	1122818.0247992761
0.0020850492456846417	906611.2097053682
0.0015444809227293643	683539.1565661464
0.001144059942762492	475192.9071667928
8.474518094536978E-4	301387.79278796323
6.277420810768132E-4	171701.17890803036
4.6499413413097265E-4	84238.00382221949
3.4444009935627603E-4	34444.23886056237
2.5514081433798225E-4	10834.175558258585
1.8899319580591276E-4	2401.7044292784885
1.3999495985623166E-4	321.73305455068345
1.036999702638753E-4	24.008717444540004
7.681479278805577E-5	0.4455999567115602
5.689984650967094E-5	1.325124432871287E-4
4.21480344516081E-5	9.805991816656721E-5
3.1220766260450446E-5	7.263501565551955E-5
2.312649352625959E-5	5.3829592791524244E-5
1.713073594537747E-5	3.9856427767188275E-5
1.2689434033612941E-5	2.9524085312983997E-5
9.399580765639214E-6	2.1859992263869027E-5
6.96265241899201E-6	1.6207778071226778E-5
5.1575203103644515E-6	1.201291129079912E-5
3.820385415084779E-6	8.898451180600273E-6
2.829915122285021E-6	6.585358232620676E-6
2.09623342391483E-6	4.878042915309903E-6
1.5527654991961702E-6	3.6133641748759382E-6
1.1501966660712372E-6	2.676566961090027E-6
8.519975304231386E-7	1.9826422722050556E-6
6.311092817949174E-7	1.4686239901287585E-6
4.67488356885124E-7	1.087869601772954E-6
3.462876717667585E-7	8.058293971191038E-7
2.565093864938952E-7	5.96910672724522E-7
1.9000695295844086E-7	4.42156147880789E-7
1.4074589108032655E-7	3.2752333615570916E-7
1.042562156150567E-7	2.4260983070844146E-7
7.722682638152348E-8	1.7971107264759693E-7
5.7205056578906276E-8	1.331195340320723E-7
4.237411598437502E-8	9.860712159724278E-8
3.138823406250001E-8	7.304255933582657E-8
2.3250543750000007E-8	5.4105501404727944E-8
1.7222625000000004E-8	4.007833142569616E-8
1.2757500000000002E-8	2.9687642885373876E-8
9.45E-9	2.199084037137725E-8
7.0E-9	1.628960993418166E-8
