0.017936620343357655	4321.720615200507
0.014349296274686124	3981.0413990673514
0.011479437019748899	3601.3670822679833
0.00918354961579912	3187.9741766004217
0.007346839692639296	2751.268983113472
0.005877471754111437	2288.8920563558854
0.00470197740328915	1826.7439027393987
0.00376158192263132	1375.57131988511
0.003009265538105056	969.804751851333
0.0024074124304840445	627.3002970352348
0.0019259299443872356	365.70362365139346
0.0015407439555097885	187.65585586848638
0.0012325951644078308	82.35002554604503
9.860761315262647E-4	29.625119866962173
7.888609052210117E-4	8.188659158550523
6.310887241768094E-4	1.7220658808301244
5.048709793414475E-4	0.255045032494458
4.0389678347315804E-4	0.02907919165501888
3.231174267785264E-4	0.0015074614567948499
2.5849394142282115E-4	9.041996896615931E-4
2.0679515313825692E-4	7.235555079202875E-4
1.6543612251060553E-4	5.789672926198912E-4
1.3234889800848443E-4	4.634318752888583E-4
1.0587911840678754E-4	3.7029670937132773E-4
8.470329472543003E-5	2.9630055756309557E-4
6.776263578034403E-5	2.3709592910168783E-4
5.421010862427522E-5	1.8986339861679208E-4
4.336808689942018E-5	1.518392786828597E-4
3.469446951953614E-5	1.2130276543057592E-4
2.7755575615628914E-5	9.709293028703747E-5
2.220446049250313E-5	7.766832433394085E-5
1.7763568394002505E-5	6.216611352364559E-5
1.4210854715202004E-5	4.9736087771739766E-5
1.1368683772161603E-5	3.9776257973319925E-5
9.094947017729282E-6	3.182100637864886E-5
7.275957614183426E-6	2.54690184318958E-5
5.820766091346741E-6	2.0377069539156922E-5
4.656612873077393E-6	1.6301655631324542E-5
3.725290298461914E-6	1.3041324505059193E-5
2.9802322387695312E-6	1.0429563194766757E-5
2.384185791015625E-6	8.34365055581318E-6
1.9073486328125E-6	6.674920444652398E-6
1.52587890625E-6	5.339936355721357E-6
1.220703125E-6	4.271949084577043E-6
9.765625E-7	3.4175592676615673E-6
7.812499999999999E-7	2.734047414129251E-6
6.249999999999999E-7	2.1872379313034377E-6
5.0E-7	1.7497903450428798E-6
