0.08816207631167154	9300.577915675489
0.07052966104933724	9307.254188824738
0.05642372883946979	9289.093045040792
0.045138983071575836	9239.168981886352
0.03611118645726067	9122.018834872559
0.028888949165808538	8911.026569863609
0.02311115933264683	8573.711083536036
0.018488927466117463	8109.464512491998
0.01479114197289397	7509.70150363911
0.011832913578315176	6821.74458643678
0.009466330862652141	6031.768817837301
0.007573064690121713	5164.186411264953
0.006058451752097371	4242.4584938302405
0.0048467614016778965	3323.290545609972
0.0038774091213423173	2447.529683836822
0.0031019272970738538	1678.1010502050556
0.002481541837659083	1057.1961578994099
0.0019852334701272664	604.4408775667343
0.0015881867761018131	303.555090603397
0.0012705494208814505	130.99845313707732
0.0010164395367051604	47.24779797222031
8.131516293641283E-4	13.559649803720445
6.505213034913027E-4	2.745428940506797
5.204170427930421E-4	0.4040761731377669
4.163336342344337E-4	0.026257696602462726
3.3306690738754696E-4	0.008032598790788352
2.6645352591003757E-4	9.32589373969992E-4
2.1316282072803006E-4	7.461371501552669E-4
1.7053025658242404E-4	5.964076302453707E-4
1.3642420526593924E-4	4.776422229147036E-4
1.0913936421275139E-4	3.8198679652151586E-4
8.731149137020111E-5	3.0562684059172625E-4
6.984919309616089E-5	2.446069668576929E-4
5.587935447692871E-5	1.9561363858492992E-4
4.470348358154297E-5	1.5652892388306813E-4
3.5762786865234375E-5	1.250219623649098E-4
2.86102294921875E-5	1.0005397348143881E-4
2.288818359375E-5	8.004317896389235E-5
1.8310546875E-5	6.403228804388463E-5
1.46484375E-5	5.127036688609657E-5
1.171875E-5	4.100618300516959E-5
9.375000000000001E-6	3.2804946404136835E-5
7.5E-6	2.62530618247696E-5
6.0E-6	2.100244945981489E-5
