0.008131516293641283	5456.71965100812
0.006505213034913027	5136.326712293639
0.005204170427930421	4594.446704612144
0.004163336342344337	3943.5535352438355
0.0033306690738754696	3246.512154800208
0.0026645352591003757	2492.8039352521114
0.0021316282072803006	1806.0327884485691
0.0017053025658242404	1234.6081261447457
0.0013642420526593924	764.9574417891322
0.0010913936421275139	442.52363680304154
8.731149137020111E-4	225.59857499063904
6.984919309616089E-4	96.43902490563704
5.587935447692871E-4	35.642956913634286
4.470348358154297E-4	12.390563715823264
3.5762786865234375E-4	3.4197882867848435
2.86102294921875E-4	0.08174672218805412
2.288818359375E-4	0.14432152781403157
1.8310546875E-4	4.3520932980829107E-4
1.46484375E-4	3.474649445382323E-4
1.171875E-4	2.7721776826797654E-4
9.375E-5	2.2337748034225558E-4
7.500000000000001E-5	1.7738622340047816E-4
6.0E-5	1.4235352884498293E-4
