0.00807793566946316	1392804.6950333265
0.006462348535570529	1258538.1130393313
0.0051698788284564225	1116727.9823702178
0.004135903062765138	975601.9687125367
0.0033087224502121107	794016.3731229614
0.0026469779601696886	607515.1896719926
0.002117582368135751	424665.83466998936
0.0016940658945086007	290807.8979060979
0.0013552527156068805	151480.56018349624
0.0010842021724855044	90085.86422369654
8.673617379884035E-4	42627.953514456334
6.938893903907228E-4	14369.078376970683
5.551115123125783E-4	2177.3486836890293
4.440892098500626E-4	695.9914610032035
3.552713678800501E-4	441.84722942019664
2.842170943040401E-4	0.0012802443095538405
2.2737367544323206E-4	9.99833067491446E-4
1.8189894035458565E-4	7.903672817947704E-4
1.4551915228366852E-4	6.375834316293832E-4
1.1641532182693481E-4	5.197107352940435E-4
9.313225746154785E-5	4.1362414349768793E-4
7.450580596923828E-5	3.300636316096519E-4
5.9604644775390625E-5	2.630642989885178E-4
4.76837158203125E-5	2.1274228228498245E-4
3.814697265625E-5	1.6497222257155092E-4
3.0517578125E-5	1.3516369762627025E-4
2.44140625E-5	1.0866478269895185E-4
1.953125E-5	8.775309717697067E-5
1.5625E-5	6.887878718526053E-5
1.25E-5	5.3762269957440535E-5
1.0E-5	4.419483691472137E-5
