0.00807793566946316	1599794.5471244063
0.006462348535570529	1535374.3584284654
0.0051698788284564225	1452553.6390390163
0.004135903062765138	1379725.063497702
0.0033087224502121107	1206999.3310194963
0.0026469779601696886	1080792.0081816136
0.002117582368135751	906285.7879069147
0.0016940658945086007	762092.1469157554
0.0013552527156068805	593768.6890318335
0.0010842021724855044	448986.29034856695
8.673617379884035E-4	334172.7422295699
6.938893903907228E-4	212422.6526828863
5.551115123125783E-4	115134.2600940893
4.440892098500626E-4	78720.28998623669
3.552713678800501E-4	33463.7977662584
2.842170943040401E-4	14733.667257335552
2.2737367544323206E-4	5786.010825410765
1.8189894035458565E-4	1345.0841975072751
1.4551915228366852E-4	3.3667543258573675E-4
1.1641532182693481E-4	4.408956652231632
9.313225746154785E-5	2.1818291610008357E-4
7.450580596923828E-5	1.7391441958990815E-4
5.9604644775390625E-5	1.391815804445836E-4
4.76837158203125E-5	1.1252616031504118E-4
3.814697265625E-5	8.721427553693934E-5
3.0517578125E-5	7.164554120071658E-5
2.44140625E-5	5.746245095349412E-5
1.953125E-5	4.65464089639049E-5
1.5625E-5	3.650220166398124E-5
1.25E-5	2.8393424473799437E-5
1.0E-5	2.3384868910886888E-5
