0.009466330862652141		7.528424688746646e7	0.0
0.007573064690121713		7.325431030210847e7	0.0
0.006058451752097371		7.04914488450832e7	0.0
0.0048467614016778965		6.588695931475944e7	0.0
0.0038774091213423173		5.9485314477356024e7	0.0
0.0031019272970738538		5.081255225188737e7	
0.002481541837659083		4.112260588546818e7	
0.0019852334701272664		3.070470214645902e7	
0.0015881867761018131		2.092670527086745e7	
0.0012705494208814505		1.289381498408868e7	
0.0010164395367051604		7072711.21808274	
8.131516293641283e-4		3326097.939188571	
6.505213034913027e-4		1307121.8046227251	
5.204170427930421e-4		426046.0070244344	
4.163336342344337e-4		117463.8410985609	
3.3306690738754696e-4		26122.13044157504	
2.6645352591003757e-4		3012.66701171402	
2.1316282072803006e-4		611.6835466407985	
1.7053025658242404e-4		203.89486739520203	
1.3642420526593924e-4		5.920020691651292e-4	
1.0913936421275139e-4		4.7264832357390594e-4	
8.731149137020111e-5		3.7828338806680025e-4	
6.984919309616089e-5		3.0193361115938514e-4	
5.587935447692871e-5		2.4333530219433516e-4	
4.470348358154297e-5		1.9322075495723656e-4	
3.5762786865234375e-5		1.548108332502626e-4	
2.86102294921875e-5		1.2363120458898437e-4	
2.288818359375e-5		9.903885916369026e-5	
1.8310546875e-5		7.903353627474506e-5	
1.46484375e-5		6.348566387505032e-5	
1.171875e-5		5.068739891120979e-5	
9.375000000000001e-6		4.0551788331001076e-5	
7.5e-6		3.247877563187846e-5	
6.0e-6		2.6023763273162635e-5	
