0.008131516293641283	3820.815204461609
0.006505213034913027	3281.8877191708493
0.005204170427930421	2720.4486757850086
0.004163336342344337	2114.6401613991843
0.0033306690738754696	1570.9466096074239
0.0026645352591003757	1033.47900816956
0.0021316282072803006	646.3678173023524
0.0017053025658242404	343.29317244772017
0.0013642420526593924	159.42047984544172
0.0010913936421275139	60.511087594134594
8.731149137020111E-4	18.350524975068524
6.984919309616089E-4	3.561667195697574
5.587935447692871E-4	0.9382204565992849
4.470348358154297E-4	0.0011280577512424131
3.5762786865234375E-4	9.029276538710742E-4
2.86102294921875E-4	7.190651827066543E-4
2.288818359375E-4	5.763010039657548E-4
1.8310546875E-4	4.615552670495871E-4
1.46484375E-4	3.686356157510229E-4
1.171875E-4	2.941515058871248E-4
9.375E-5	2.3701931510045963E-4
7.500000000000001E-5	1.881291001820255E-4
6.0E-5	1.5102300206438468E-4
