0.009466330862652141	1629317.8648421247
0.007573064690121713	1583837.9924501025
0.006058451752097371	1520035.0740986625
0.0048467614016778965	1435871.8045108614
0.0038774091213423173	1323660.9255982342
0.0031019272970738538	1189131.0340858884
0.002481541837659083	1034674.5609156184
0.0019852334701272664	869814.2776751159
0.0015881867761018131	703710.7158126024
0.0012705494208814505	544907.8445243093
0.0010164395367051604	403178.40747124894
8.131516293641283E-4	280896.2919596451
6.505213034913027E-4	184718.8572954047
5.204170427930421E-4	112006.45800693122
4.163336342344337E-4	62540.7214782475
3.3306690738754696E-4	30453.673715928275
2.6645352591003757E-4	12947.398298206652
2.1316282072803006E-4	4520.269931701247
1.7053025658242404E-4	1267.8068477697839
1.3642420526593924E-4	262.2983775019992
1.0913936421275139E-4	39.130812290753404
8.731149137020111E-5	3.1269519805940855
6.984919309616089E-5	1.626525132327446E-4
5.587935447692871E-5	1.3013584293473335E-4
4.470348358154297E-5	1.0400533032028532E-4
3.5762786865234375E-5	8.312541782711952E-5
2.86102294921875E-5	6.652069247111229E-5
2.288818359375E-5	5.3274900517800836E-5
1.8310546875E-5	4.2589625070853816E-5
1.46484375E-5	3.408203592114741E-5
1.171875E-5	2.725353428754702E-5
9.375000000000001E-6	2.1802828578578408E-5
7.5E-6	1.745862515822237E-5
6.0E-6	1.3966901081247295E-5
