0.017039337152742254	1566040.6130074908
0.012621731224253521	1517841.77040572
0.009349430536484089	1437302.843272646
0.006925504101099324	1311332.2305097866
0.005130003037851351	1134862.753668739
0.00380000225026026	907471.8578403365
0.0028148164816742664	655465.3291692144
0.0020850492456846417	416356.5138474939
0.0015444809227293643	225435.345783951
0.001144059942762492	100255.61191334492
8.474518094536978E-4	34693.92341003415
6.277420810768132E-4	8748.244726244
4.6499413413097265E-4	1425.5731165172601
3.4444009935627603E-4	133.87816955151342
2.5514081433798225E-4	5.457438083372712
1.8899319580591276E-4	0.4860049436792366
1.3999495985623166E-4	6.156938393298648E-4
1.036999702638753E-4	4.563049980832341E-4
7.681479278805577E-5	3.3776390585373164E-4
5.689984650967094E-5	2.505877134815391E-4
4.21480344516081E-5	1.8543934639382993E-4
3.1220766260450446E-5	1.3735584179627787E-4
2.312649352625959E-5	1.0180286493919543E-4
1.713073594537747E-5	7.537040136436251E-5
1.2689434033612941E-5	5.5834284772061124E-5
9.399580765639214E-6	4.1333117682804926E-5
6.96265241899201E-6	3.0646208029823515E-5
5.1575203103644515E-6	2.2717551376627857E-5
3.820385415084779E-6	1.6827815834540762E-5
2.829915122285021E-6	1.2452658336837597E-5
2.09623342391483E-6	9.224191360617868E-6
1.5527654991961702E-6	6.832734341200565E-6
1.1501966660712372E-6	5.061284697183973E-6
8.519975304231386E-7	3.749099775694328E-6
6.311092817949174E-7	2.7771109449565826E-6
4.67488356885124E-7	2.0571192184870666E-6
3.462876717667585E-7	1.5237920136932902E-6
2.565093864938952E-7	1.1287348249576118E-6
1.9000695295844086E-7	8.360998703398977E-7
1.4074589108032655E-7	6.193332372892151E-7
1.042562156150567E-7	4.587653609545548E-7
7.722682638152348E-8	3.3982619329917294E-7
5.7205056578906276E-8	2.517231061479526E-7
4.237411598437502E-8	1.864615601093591E-7
3.138823406250001E-8	1.381196741557031E-7
2.3250543750000007E-8	1.023108697449295E-7
1.7222625000000004E-8	7.57858294400284E-8
1.2757500000000002E-8	5.613765143698235E-8
9.45E-9	4.158344550902634E-8
7.0E-9	3.0802552228904186E-8
