0.08816207631167154	9250.625382440001
0.07052966104933724	9227.540347811475
0.05642372883946979	9173.81205828702
0.045138983071575836	9097.435404947768
0.03611118645726067	8968.365481951836
0.028888949165808538	8785.646377316287
0.02311115933264683	8551.53708132839
0.018488927466117463	8258.121084680048
0.01479114197289397	7915.951852238278
0.011832913578315176	7518.1972132834735
0.009466330862652141	7043.095037660333
0.007573064690121713	6461.127989568488
0.006058451752097371	5762.918346414592
0.0048467614016778965	4971.211516836617
0.0038774091213423173	4098.565407958073
0.0031019272970738538	3227.271854607764
0.002481541837659083	2400.023683341019
0.0019852334701272664	1677.5639833777548
0.0015881867761018131	1092.258909277713
0.0012705494208814505	653.7993659125492
0.0010164395367051604	356.72681870868155
8.131516293641283E-4	172.92823312562803
6.505213034913027E-4	74.15064225070284
5.204170427930421E-4	25.766584037691654
4.163336342344337E-4	7.047298987826409
3.3306690738754696E-4	1.5892401131070406
2.6645352591003757E-4	0.2486551473650576
2.1316282072803006E-4	0.03056392437289872
1.7053025658242404E-4	0.0018435892609436789
1.3642420526593924E-4	3.2374710850285437E-4
1.0913936421275139E-4	2.5888361813436364E-4
8.731149137020111E-5	2.0722233630776299E-4
6.984919309616089E-5	1.6573709285236035E-4
5.587935447692871E-5	1.3270790134178222E-4
4.470348358154297E-5	1.0612631311165013E-4
3.5762786865234375E-5	8.478807282512417E-5
2.86102294921875E-5	6.786930630690422E-5
2.288818359375E-5	5.42831739107397E-5
1.8310546875E-5	4.34408504663413E-5
1.46484375E-5	3.475963473614591E-5
1.171875E-5	2.7797531845866838E-5
9.375000000000001E-6	2.223802547658425E-5
7.5E-6	1.779990536506125E-5
6.0E-6	1.4239924292051729E-5
