0.00807793566946316	5509.452056585513
0.006462348535570529	5100.119996642805
0.0051698788284564225	4608.02609182661
0.004135903062765138	3991.2387012200957
0.0033087224502121107	3156.348683715852
0.0026469779601696886	2520.4460327610614
0.002117582368135751	1853.4205512939334
0.0016940658945086007	1190.2505651149518
0.0013552527156068805	730.7762851583456
0.0010842021724855044	423.44100181799126
8.673617379884035E-4	244.1286666572773
6.938893903907228E-4	78.52957122433612
5.551115123125783E-4	27.52366574928145
4.440892098500626E-4	3.871023731824033
3.552713678800501E-4	8.492299086675264E-4
2.842170943040401E-4	6.751071468370131E-4
2.2737367544323206E-4	5.30365984366066E-4
1.8189894035458565E-4	4.3296492653420237E-4
1.4551915228366852E-4	3.417093909042528E-4
1.1641532182693481E-4	2.781336302128714E-4
9.313225746154785E-5	2.237923654083045E-4
7.450580596923828E-5	1.7438158173853818E-4
5.9604644775390625E-5	1.4236000717124899E-4
4.76837158203125E-5	1.121443975385033E-4
3.814697265625E-5	8.860793644514272E-5
3.0517578125E-5	7.175681603921584E-5
2.44140625E-5	5.933643468483968E-5
1.953125E-5	4.629976531918219E-5
1.5625E-5	3.768851905342225E-5
1.25E-5	3.006686358012004E-5
1.0E-5	2.4021309271043815E-5
