0.017936620343357655	5713.755023182956
0.014349296274686124	5744.052489848724
0.011479437019748899	5716.913008604552
0.00918354961579912	5596.514218492755
0.007346839692639296	5329.936255134668
0.005877471754111437	4905.945484994018
0.00470197740328915	4330.822227603357
0.00376158192263132	3646.254727378433
0.003009265538105056	2909.2246321820053
0.0024074124304840445	2187.339510327884
0.0019259299443872356	1538.960303042889
0.0015407439555097885	1002.7782317008429
0.0012325951644078308	599.0387475199556
9.860761315262647E-4	324.7332583036192
7.888609052210117E-4	155.5101631608238
6.310887241768094E-4	64.12648658894388
5.048709793414475E-4	22.29784199301537
4.0389678347315804E-4	5.810368218265226
3.231174267785264E-4	1.1651236411739312
2.5849394142282115E-4	0.13380188796916917
2.0679515313825692E-4	0.013358002548461076
1.6543612251060553E-4	0.002641270324478812
1.3234889800848443E-4	3.1422691533773765E-4
1.0587911840678754E-4	2.5110067651321587E-4
8.470329472543003E-5	2.0090793088523687E-4
6.776263578034403E-5	1.6077020449465487E-4
5.421010862427522E-5	1.2874360869739258E-4
4.336808689942018E-5	1.0295607412666345E-4
3.469446951953614E-5	8.225525654187557E-5
2.7755575615628914E-5	6.584189279900563E-5
2.220446049250313E-5	5.266160967175993E-5
1.7763568394002505E-5	4.215015371173941E-5
1.4210854715202004E-5	3.372128387000144E-5
1.1368683772161603E-5	2.696715513191201E-5
9.094947017729282E-6	2.1573724105488083E-5
7.275957614183426E-6	1.7268180929729465E-5
5.820766091346741E-6	1.3815072952426395E-5
4.656612873077393E-6	1.1052058361921705E-5
3.725290298461914E-6	8.841646689527326E-6
2.9802322387695312E-6	7.072339359264449E-6
2.384185791015625E-6	5.657871487440935E-6
1.9073486328125E-6	4.526297189924553E-6
1.52587890625E-6	3.621037751934146E-6
1.220703125E-6	2.896830201532765E-6
9.765625E-7	2.3174641612620353E-6
7.812499999999999E-7	1.8539713289890307E-6
6.249999999999999E-7	1.4831770632017247E-6
5.0E-7	1.1865416505472065E-6
