0.00807793566946316	2963.730603563049
0.006462348535570529	2525.355781225806
0.0051698788284564225	1979.8136136464295
0.004135903062765138	1570.4767725419363
0.0033087224502121107	1134.8132378826206
0.0026469779601696886	801.8394760012192
0.002117582368135751	469.6040540657531
0.0016940658945086007	266.5302659998192
0.0013552527156068805	105.77667360589969
0.0010842021724855044	45.64585022203589
8.673617379884035E-4	13.381551885798066
6.938893903907228E-4	4.5058010613561335
5.551115123125783E-4	0.04553632541420742
4.440892098500626E-4	0.001573908499356917
3.552713678800501E-4	0.0012511289536412194
2.842170943040401E-4	9.967003094692442E-4
2.2737367544323206E-4	7.809371769518784E-4
1.8189894035458565E-4	6.359380402729468E-4
1.4551915228366852E-4	5.046730033869932E-4
1.1641532182693481E-4	4.098914701924231E-4
9.313225746154785E-5	3.2986769711517344E-4
7.450580596923828E-5	2.5812382497863876E-4
5.9604644775390625E-5	2.1120642729145954E-4
4.76837158203125E-5	1.6552887472296427E-4
3.814697265625E-5	1.3121094537322001E-4
3.0517578125E-5	1.0607382821219167E-4
2.44140625E-5	8.70991595167511E-5
1.953125E-5	6.854438231567246E-5
1.5625E-5	5.5689160793142386E-5
1.25E-5	4.421569753583658E-5
1.0E-5	3.540787298318716E-5
