-0.500000000000000	0.787797716017348
-0.499500000000000	0.787798552040893
-0.499000000000000	0.787801060110125
-0.498500000000000	0.787805240220837
-0.498000000000000	0.787811092366016
-0.497500000000000	0.787818616535841
-0.497000000000000	0.787827812717686
-0.496500000000000	0.787838680896116
-0.496000000000000	0.787851221052885
-0.495500000000000	0.787865433166934
-0.495000000000000	0.787881317214392
-0.494500000000000	0.787898873168569
-0.494000000000000	0.787918100999957
-0.493500000000000	0.787939000676225
-0.493000000000000	0.787961572162214
-0.492500000000000	0.787985815419939
-0.492000000000000	0.788011730408579
-0.491500000000000	0.788039317084476
-0.491000000000000	0.788068575401129
-0.490500000000000	0.788099505309190
-0.490000000000000	0.788132106756461
-0.489500000000000	0.788166379687883
-0.489000000000000	0.788202324045536
-0.488500000000000	0.788239939768630
-0.488000000000000	0.788279226793500
-0.487500000000000	0.788320185053598
-0.487000000000000	0.788362814479488
-0.486500000000000	0.788407114998839
-0.486000000000000	0.788453086536414
-0.485500000000000	0.788500729014066
-0.485000000000000	0.788550042350730
-0.484500000000000	0.788601026462412
-0.484000000000000	0.788653681262182
-0.483500000000000	0.788708006660167
-0.483000000000000	0.788764002563538
-0.482500000000000	0.788821668876502
-0.482000000000000	0.788881005500295
-0.481500000000000	0.788942012333167
-0.481000000000000	0.789004689270377
-0.480500000000000	0.789069036204178
-0.480000000000000	0.789135053023808
-0.479500000000000	0.789202739615479
-0.479000000000000	0.789272095862366
-0.478500000000000	0.789343121644591
-0.478000000000000	0.789415816839218
-0.477500000000000	0.789490181320236
-0.477000000000000	0.789566214958546
-0.476500000000000	0.789643917621950
-0.476000000000000	0.789723289175138
-0.475500000000000	0.789804329479671
-0.475000000000000	0.789887038393973
-0.474500000000000	0.789971415773312
-0.474000000000000	0.790057461469787
-0.473500000000000	0.790145175332314
-0.473000000000000	0.790234557206611
-0.472500000000000	0.790325606935182
-0.472000000000000	0.790418324357301
-0.471500000000000	0.790512709308999
-0.471000000000000	0.790608761623044
-0.470500000000000	0.790706481128928
-0.470000000000000	0.790805867652847
-0.469500000000000	0.790906921017688
-0.469000000000000	0.791009641043007
-0.468500000000000	0.791114027545016
-0.468000000000000	0.791220080336561
-0.467500000000000	0.791327799227109
-0.467000000000000	0.791437184022724
-0.466500000000000	0.791548234526052
-0.466000000000000	0.791660950536300
-0.465500000000000	0.791775331849217
-0.465000000000000	0.791891378257077
-0.464500000000000	0.792009089548655
-0.464000000000000	0.792128465509210
-0.463500000000000	0.792249505920464
-0.463000000000000	0.792372210560578
-0.462500000000000	0.792496579204138
-0.462000000000000	0.792622611622126
-0.461500000000000	0.792750307581903
-0.461000000000000	0.792879666847185
-0.460500000000000	0.793010689178024
-0.460000000000000	0.793143374330782
-0.459500000000000	0.793277722058109
-0.459000000000000	0.793413732108921
-0.458500000000000	0.793551404228376
-0.458000000000000	0.793690738157854
-0.457500000000000	0.793831733634924
-0.457000000000000	0.793974390393330
-0.456500000000000	0.794118708162961
-0.456000000000000	0.794264686669828
-0.455500000000000	0.794412325636037
-0.455000000000000	0.794561624779767
-0.454500000000000	0.794712583815241
-0.454000000000000	0.794865202452703
-0.453500000000000	0.795019480398390
-0.453000000000000	0.795175417354506
-0.452500000000000	0.795333013019196
-0.452000000000000	0.795492267086518
-0.451500000000000	0.795653179246417
-0.451000000000000	0.795815749184696
-0.450500000000000	0.795979976582987
-0.450000000000000	0.796145861118728
-0.449500000000000	0.796313402465129
-0.449000000000000	0.796482600291146
-0.448500000000000	0.796653454261452
-0.448000000000000	0.796825964036407
-0.447500000000000	0.797000129272028
-0.447000000000000	0.797175949619961
-0.446500000000000	0.797353424727449
-0.446000000000000	0.797532554237303
-0.445500000000000	0.797713337787872
-0.445000000000000	0.797895775013008
-0.444500000000000	0.798079865542041
-0.444000000000000	0.798265608999741
-0.443500000000000	0.798453005006291
-0.443000000000000	0.798642053177253
-0.442500000000000	0.798832753123537
-0.442000000000000	0.799025104451367
-0.441500000000000	0.799219106762246
-0.441000000000000	0.799414759652930
-0.440500000000000	0.799612062715385
-0.440000000000000	0.799811015536763
-0.439500000000000	0.800011617699358
-0.439000000000000	0.800213868780582
-0.438500000000000	0.800417768352922
-0.438000000000000	0.800623315983910
-0.437500000000000	0.800830511236085
-0.437000000000000	0.801039353666962
-0.436500000000000	0.801249842828991
-0.436000000000000	0.801461978269524
-0.435500000000000	0.801675759530778
-0.435000000000000	0.801891186149801
-0.434500000000000	0.802108257658431
-0.434000000000000	0.802326973583261
-0.433500000000000	0.802547333445604
-0.433000000000000	0.802769336761451
-0.432500000000000	0.802992983041437
-0.432000000000000	0.803218271790801
-0.431500000000000	0.803445202509348
-0.431000000000000	0.803673774691409
-0.430500000000000	0.803903987825807
-0.430000000000000	0.804135841395810
-0.429500000000000	0.804369334879100
-0.429000000000000	0.804604467747726
-0.428500000000000	0.804841239468070
-0.428000000000000	0.805079649500801
-0.427500000000000	0.805319697300840
-0.427000000000000	0.805561382317314
-0.426500000000000	0.805804703993522
-0.426000000000000	0.806049661766884
-0.425500000000000	0.806296255068909
-0.425000000000000	0.806544483325147
-0.424500000000000	0.806794345955149
-0.424000000000000	0.807045842372425
-0.423500000000000	0.807298971984401
-0.423000000000000	0.807553734192375
-0.422500000000000	0.807810128391475
-0.422000000000000	0.808068153970618
-0.421500000000000	0.808327810312459
-0.421000000000000	0.808589096793357
-0.420500000000000	0.808852012783321
-0.420000000000000	0.809116557645974
-0.419500000000000	0.809382730738502
-0.419000000000000	0.809650531411613
-0.418500000000000	0.809919959009489
-0.418000000000000	0.810191012869745
-0.417500000000000	0.810463692323375
-0.417000000000000	0.810737996694716
-0.416500000000000	0.811013925301395
-0.416000000000000	0.811291477454284
-0.415500000000000	0.811570652457454
-0.415000000000000	0.811851449608129
-0.414500000000000	0.812133868196635
-0.414000000000000	0.812417907506358
-0.413500000000000	0.812703566813690
-0.413000000000000	0.812990845387988
-0.412500000000000	0.813279742491518
-0.412000000000000	0.813570257379414
-0.411500000000000	0.813862389299624
-0.411000000000000	0.814156137492864
-0.410500000000000	0.814451501192565
-0.410000000000000	0.814748479624829
-0.409500000000000	0.815047072008375
-0.409000000000000	0.815347277554491
-0.408500000000000	0.815649095466984
-0.408000000000000	0.815952524942126
-0.407500000000000	0.816257565168609
-0.407000000000000	0.816564215327491
-0.406500000000000	0.816872474592144
-0.406000000000000	0.817182342128203
-0.405500000000000	0.817493817093517
-0.405000000000000	0.817806898638093
-0.404500000000000	0.818121585904049
-0.404000000000000	0.818437878025557
-0.403500000000000	0.818755774128790
-0.403000000000000	0.819075273331876
-0.402500000000000	0.819396374744836
-0.402000000000000	0.819719077469537
-0.401500000000000	0.820043380599638
-0.401000000000000	0.820369283220532
-0.400500000000000	0.820696784409296
-0.400000000000000	0.821025883234636
-0.399500000000000	0.821356578756832
-0.399000000000000	0.821688870027684
-0.398500000000000	0.822022756090457
-0.398000000000000	0.822358235979824
-0.397500000000000	0.822695308721815
-0.397000000000000	0.823033973333756
-0.396500000000000	0.823374228824220
-0.396000000000000	0.823716074192963
-0.395500000000000	0.824059508430875
-0.395000000000000	0.824404530519920
-0.394500000000000	0.824751139433079
-0.394000000000000	0.825099334134295
-0.393500000000000	0.825449113578416
-0.393000000000000	0.825800476711136
-0.392500000000000	0.826153422468939
-0.392000000000000	0.826507949779040
-0.391500000000000	0.826864057559329
-0.391000000000000	0.827221744718312
-0.390500000000000	0.827581010155051
-0.390000000000000	0.827941852759110
-0.389500000000000	0.828304271410490
-0.389000000000000	0.828668264979577
-0.388500000000000	0.829033832327077
-0.388000000000000	0.829400972303960
-0.387500000000000	0.829769683751402
-0.387000000000000	0.830139965500718
-0.386500000000000	0.830511816373312
-0.386000000000000	0.830885235180610
-0.385500000000000	0.831260220724003
-0.385000000000000	0.831636771794783
-0.384500000000000	0.832014887174086
-0.384000000000000	0.832394565632832
-0.383500000000000	0.832775805931660
-0.383000000000000	0.833158606820868
-0.382500000000000	0.833542967040353
-0.382000000000000	0.833928885319550
-0.381500000000000	0.834316360377368
-0.381000000000000	0.834705390922130
-0.380500000000000	0.835095975651507
-0.380000000000000	0.835488113252463
-0.379500000000000	0.835881802401185
-0.379000000000000	0.836277041763026
-0.378500000000000	0.836673829992438
-0.378000000000000	0.837072165732912
-0.377500000000000	0.837472047616914
-0.377000000000000	0.837873474265820
-0.376500000000000	0.838276444289856
-0.376000000000000	0.838680956288030
-0.375500000000000	0.839087008848073
-0.375000000000000	0.839494600546372
-0.374500000000000	0.839903729947904
-0.374000000000000	0.840314395606179
-0.373500000000000	0.840726596063168
-0.373000000000000	0.841140329849240
-0.372500000000000	0.841555595483101
-0.372000000000000	0.841972391471727
-0.371500000000000	0.842390716310296
-0.371000000000000	0.842810568482128
-0.370500000000000	0.843231946458617
-0.370000000000000	0.843654848699164
-0.369500000000000	0.844079273651115
-0.369000000000000	0.844505219749693
-0.368500000000000	0.844932685417932
-0.368000000000000	0.845361669066613
-0.367500000000000	0.845792169094196
-0.367000000000000	0.846224183886753
-0.366500000000000	0.846657711817905
-0.366000000000000	0.847092751248751
-0.365500000000000	0.847529300527806
-0.365000000000000	0.847967357990930
-0.364500000000000	0.848406921961265
-0.364000000000000	0.848847990749166
-0.363500000000000	0.849290562652132
-0.363000000000000	0.849734635954742
-0.362500000000000	0.850180208928587
-0.362000000000000	0.850627279832202
-0.361500000000000	0.851075846910998
-0.361000000000000	0.851525908397195
-0.360500000000000	0.851977462509753
-0.360000000000000	0.852430507454308
-0.359500000000000	0.852885041423098
-0.359000000000000	0.853341062594900
-0.358500000000000	0.853798569134961
-0.358000000000000	0.854257559194927
-0.357500000000000	0.854718030912777
-0.357000000000000	0.855179982412755
-0.356500000000000	0.855643411805299
-0.356000000000000	0.856108317186976
-0.355500000000000	0.856574696640410
-0.355000000000000	0.857042548234216
-0.354500000000000	0.857511870022928
-0.354000000000000	0.857982660046934
-0.353500000000000	0.858454916332403
-0.353000000000000	0.858928636891219
-0.352500000000000	0.859403819720913
-0.352000000000000	0.859880462804587
-0.351500000000000	0.860358564110856
-0.351000000000000	0.860838121593765
-0.350500000000000	0.861319133192734
-0.350000000000000	0.861801596832477
-0.349500000000000	0.862285510422940
-0.349000000000000	0.862770871859227
-0.348500000000000	0.863257679021532
-0.348000000000000	0.863745929775073
-0.347500000000000	0.864235621970015
-0.347000000000000	0.864726753441407
-0.346500000000000	0.865219322009111
-0.346000000000000	0.865713325477728
-0.345500000000000	0.866208761636534
-0.345000000000000	0.866705628259407
-0.344500000000000	0.867203923104759
-0.344000000000000	0.867703643915463
-0.343500000000000	0.868204788418788
-0.343000000000000	0.868707354326326
-0.342500000000000	0.869211339333922
-0.342000000000000	0.869716741121605
-0.341500000000000	0.870223557353521
-0.341000000000000	0.870731785677857
-0.340500000000000	0.871241423726776
-0.340000000000000	0.871752469116347
-0.339500000000000	0.872264919446472
-0.339000000000000	0.872778772300820
-0.338500000000000	0.873294025246754
-0.338000000000000	0.873810675835263
-0.337500000000000	0.874328721600893
-0.337000000000000	0.874848160061675
-0.336500000000000	0.875368988719058
-0.336000000000000	0.875891205057835
-0.335500000000000	0.876414806546080
-0.335000000000000	0.876939790635072
-0.334500000000000	0.877466154759228
-0.334000000000000	0.877993896336037
-0.333500000000000	0.878523012765982
-0.333000000000000	0.879053501432479
-0.332500000000000	0.879585359701805
-0.332000000000000	0.880118584923026
-0.331500000000000	0.880653174427922
-0.331000000000000	0.881189125530952
-0.330500000000000	0.881726435529131
-0.330000000000000	0.882265101702000
-0.329500000000000	0.882805121311542
-0.329000000000000	0.883346491602120
-0.328500000000000	0.883889209800402
-0.328000000000000	0.884433273115296
-0.327500000000000	0.884978678737882
-0.327000000000000	0.885525423841340
-0.326500000000000	0.886073505580885
-0.326000000000000	0.886622921093694
-0.325500000000000	0.887173667498845
-0.325000000000000	0.887725741897242
-0.324500000000000	0.888279141371551
-0.324000000000000	0.888833862986128
-0.323500000000000	0.889389903786958
-0.323000000000000	0.889947260801580
-0.322500000000000	0.890505931039024
-0.322000000000000	0.891065911489742
-0.321500000000000	0.891627199125542
-0.321000000000000	0.892189790899517
-0.320500000000000	0.892753683745982
-0.320000000000000	0.893318874580409
-0.319500000000000	0.893885360299351
-0.319000000000000	0.894453137780386
-0.318500000000000	0.895022203882045
-0.318000000000000	0.895592555443747
-0.317500000000000	0.896164189285731
-0.317000000000000	0.896737102208994
-0.316500000000000	0.897311290995221
-0.316000000000000	0.897886752406723
-0.315500000000000	0.898463483186369
-0.315000000000000	0.899041480057522
-0.314500000000000	0.899620739723973
-0.314000000000000	0.900201258869877
-0.313500000000000	0.900783034159690
-0.313000000000000	0.901366062238100
-0.312500000000000	0.901950339729967
-0.312000000000000	0.902535863240257
-0.311500000000000	0.903122629353977
-0.311000000000000	0.903710634636116
-0.310500000000000	0.904299875631576
-0.310000000000000	0.904890348865112
-0.309500000000000	0.905482050841268
-0.309000000000000	0.906074978044316
-0.308500000000000	0.906669126938191
-0.308000000000000	0.907264493966430
-0.307500000000000	0.907861075552110
-0.307000000000000	0.908458868097787
-0.306500000000000	0.909057867985432
-0.306000000000000	0.909658071576372
-0.305500000000000	0.910259475211231
-0.305000000000000	0.910862075209864
-0.304500000000000	0.911465867871300
-0.304000000000000	0.912070849473681
-0.303500000000000	0.912677016274205
-0.303000000000000	0.913284364509060
-0.302500000000000	0.913892890393371
-0.302000000000000	0.914502590121138
-0.301500000000000	0.915113459865178
-0.301000000000000	0.915725495777067
-0.300500000000000	0.916338693987080
-0.300000000000000	0.916953050604136
-0.299500000000000	0.917568561715738
-0.299000000000000	0.918185223387919
-0.298500000000000	0.918803031665182
-0.298000000000000	0.919421982570444
-0.297500000000000	0.920042072104984
-0.297000000000000	0.920663296248380
-0.296500000000000	0.921285650958460
-0.296000000000000	0.921909132171245
-0.295500000000000	0.922533735800891
-0.295000000000000	0.923159457739640
-0.294500000000000	0.923786293857762
-0.294000000000000	0.924414240003504
-0.293500000000000	0.925043292003034
-0.293000000000000	0.925673445660390
-0.292500000000000	0.926304696757429
-0.292000000000000	0.926937041053771
-0.291500000000000	0.927570474286750
-0.291000000000000	0.928204992171362
-0.290500000000000	0.928840590400214
-0.290000000000000	0.929477264643474
-0.289500000000000	0.930115010548822
-0.289000000000000	0.930753823741396
-0.288500000000000	0.931393699823748
-0.288000000000000	0.932034634375793
-0.287500000000000	0.932676622954759
-0.287000000000000	0.933319661095142
-0.286500000000000	0.933963744308656
-0.286000000000000	0.934608868084190
-0.285500000000000	0.935255027887755
-0.285000000000000	0.935902219162443
-0.284500000000000	0.936550437328381
-0.284000000000000	0.937199677782684
-0.283500000000000	0.937849935899409
-0.283000000000000	0.938501207029515
-0.282500000000000	0.939153486500816
-0.282000000000000	0.939806769617941
-0.281500000000000	0.940461051662284
-0.281000000000000	0.941116327891973
-0.280500000000000	0.941772593541817
-0.280000000000000	0.942429843823272
-0.279500000000000	0.943088073924399
-0.279000000000000	0.943747279009820
-0.278500000000000	0.944407454220683
-0.278000000000000	0.945068594674622
-0.277500000000000	0.945730695465715
-0.277000000000000	0.946393751664451
-0.276500000000000	0.947057758317688
-0.276000000000000	0.947722710448618
-0.275500000000000	0.948388603056732
-0.275000000000000	0.949055431117782
-0.274500000000000	0.949723189583746
-0.274000000000000	0.950391873382794
-0.273500000000000	0.951061477419253
-0.273000000000000	0.951731996573575
-0.272500000000000	0.952403425702303
-0.272000000000000	0.953075759638038
-0.271500000000000	0.953748993189410
-0.271000000000000	0.954423121141042
-0.270500000000000	0.955098138253526
-0.270000000000000	0.955774039263385
-0.269500000000000	0.956450818883051
-0.269000000000000	0.957128471800835
-0.268500000000000	0.957806992680893
-0.268000000000000	0.958486376163206
-0.267500000000000	0.959166616863551
-0.267000000000000	0.959847709373473
-0.266500000000000	0.960529648260259
-0.266000000000000	0.961212428066918
-0.265500000000000	0.961896043312152
-0.265000000000000	0.962580488490335
-0.264500000000000	0.963265758071488
-0.264000000000000	0.963951846501262
-0.263500000000000	0.964638748200909
-0.263000000000000	0.965326457567267
-0.262500000000000	0.966014968972739
-0.262000000000000	0.966704276765271
-0.261500000000000	0.967394375268336
-0.261000000000000	0.968085258780917
-0.260500000000000	0.968776921577486
-0.260000000000000	0.969469357907990
-0.259500000000000	0.970162561997836
-0.259000000000000	0.970856528047872
-0.258500000000000	0.971551250234379
-0.258000000000000	0.972246722709053
-0.257500000000000	0.972942939598991
-0.257000000000000	0.973639895006684
-0.256500000000000	0.974337583010002
-0.256000000000000	0.975035997662183
-0.255500000000000	0.975735132991826
-0.255000000000000	0.976434983002882
-0.254500000000000	0.977135541674641
-0.254000000000000	0.977836802961730
-0.253500000000000	0.978538760794105
-0.253000000000000	0.979241409077043
-0.252500000000000	0.979944741691141
-0.252000000000000	0.980648752492306
-0.251500000000000	0.981353435311757
-0.251000000000000	0.982058783956021
-0.250500000000000	0.982764792206929
-0.250000000000000	0.983471453821618
-0.249500000000000	0.984178762532528
-0.249000000000000	0.984886712047405
-0.248500000000000	0.985595296049303
-0.248000000000000	0.986304508196584
-0.247500000000000	0.987014342122922
-0.247000000000000	0.987724791437309
-0.246500000000000	0.988435849724058
-0.246000000000000	0.989147510542810
-0.245500000000000	0.989859767428539
-0.245000000000000	0.990572613891562
-0.244500000000000	0.991286043417546
-0.244000000000000	0.992000049467518
-0.243500000000000	0.992714625477875
-0.243000000000000	0.993429764860393
-0.242500000000000	0.994145461002245
-0.242000000000000	0.994861707266008
-0.241500000000000	0.995578496989678
-0.241000000000000	0.996295823486688
-0.240500000000000	0.997013680045921
-0.240000000000000	0.997732059931728
-0.239500000000000	0.998450956383942
-0.239000000000000	0.999170362617903
-0.238500000000000	0.999890271824471
-0.238000000000000	1.00061067717005
-0.237500000000000	1.00133157179661
-0.237000000000000	1.00205294882171
-0.236500000000000	1.00277480133851
-0.236000000000000	1.00349712241582
-0.235500000000000	1.00421990509809
-0.235000000000000	1.00494314240547
-0.234500000000000	1.00566682733382
-0.234000000000000	1.00639095285475
-0.233500000000000	1.00711551191561
-0.233000000000000	1.00784049743958
-0.232500000000000	1.00856590232567
-0.232000000000000	1.00929171944875
-0.231500000000000	1.01001794165956
-0.231000000000000	1.01074456178482
-0.230500000000000	1.01147157262717
-0.230000000000000	1.01219896696528
-0.229500000000000	1.01292673755386
-0.229000000000000	1.01365487712368
-0.228500000000000	1.01438337838164
-0.228000000000000	1.01511223401079
-0.227500000000000	1.01584143667039
-0.227000000000000	1.01657097899592
-0.226500000000000	1.01730085359917
-0.226000000000000	1.01803105306824
-0.225500000000000	1.01876156996762
-0.225000000000000	1.01949239683820
-0.224500000000000	1.02022352619735
-0.224000000000000	1.02095495053897
-0.223500000000000	1.02168666233350
-0.223000000000000	1.02241865402802
-0.222500000000000	1.02315091804627
-0.222000000000000	1.02388344678873
-0.221500000000000	1.02461623263262
-0.221000000000000	1.02534926793202
-0.220500000000000	1.02608254501790
-0.220000000000000	1.02681605619817
-0.219500000000000	1.02754979375774
-0.219000000000000	1.02828374995859
-0.218500000000000	1.02901791703982
-0.218000000000000	1.02975228721772
-0.217500000000000	1.03048685268583
-0.217000000000000	1.03122160561501
-0.216500000000000	1.03195653815347
-0.216000000000000	1.03269164242691
-0.215500000000000	1.03342691053851
-0.215000000000000	1.03416233456904
-0.214500000000000	1.03489790657692
-0.214000000000000	1.03563361859829
-0.213500000000000	1.03636946264709
-0.213000000000000	1.03710543071513
-0.212500000000000	1.03784151477215
-0.212000000000000	1.03857770676590
-0.211500000000000	1.03931399862225
-0.211000000000000	1.04005038224522
-0.210500000000000	1.04078684951709
-0.210000000000000	1.04152339229845
-0.209500000000000	1.04226000242833
-0.209000000000000	1.04299667172423
-0.208500000000000	1.04373339198224
-0.208000000000000	1.04447015497711
-0.207500000000000	1.04520695246233
-0.207000000000000	1.04594377617024
-0.206500000000000	1.04668061781208
-0.206000000000000	1.04741746907813
-0.205500000000000	1.04815432163775
-0.205000000000000	1.04889116713950
-0.204500000000000	1.04962799721124
-0.204000000000000	1.05036480346019
-0.203500000000000	1.05110157747308
-0.203000000000000	1.05183831081618
-0.202500000000000	1.05257499503545
-0.202000000000000	1.05331162165662
-0.201500000000000	1.05404818218529
-0.201000000000000	1.05478466810702
-0.200500000000000	1.05552107088746
-0.200000000000000	1.05625738197243
-0.199500000000000	1.05699359278805
-0.199000000000000	1.05772969474080
-0.198500000000000	1.05846567921768
-0.198000000000000	1.05920153758629
-0.197500000000000	1.05993726119495
-0.197000000000000	1.06067284137279
-0.196500000000000	1.06140826942990
-0.196000000000000	1.06214353665741
-0.195500000000000	1.06287863432761
-0.195000000000000	1.06361355369410
-0.194500000000000	1.06434828599184
-0.194000000000000	1.06508282243735
-0.193500000000000	1.06581715422875
-0.193000000000000	1.06655127254595
-0.192500000000000	1.06728516855071
-0.192000000000000	1.06801883338683
-0.191500000000000	1.06875225818020
-0.191000000000000	1.06948543403899
-0.190500000000000	1.07021835205374
-0.190000000000000	1.07095100329751
-0.189500000000000	1.07168337882597
-0.189000000000000	1.07241546967759
-0.188500000000000	1.07314726687372
-0.188000000000000	1.07387876141875
-0.187500000000000	1.07460994430024
-0.187000000000000	1.07534080648905
-0.186500000000000	1.07607133893948
-0.186000000000000	1.07680153258941
-0.185500000000000	1.07753137836042
-0.185000000000000	1.07826086715796
-0.184500000000000	1.07898998987149
-0.184000000000000	1.07971873737460
-0.183500000000000	1.08044710052514
-0.183000000000000	1.08117507016543
-0.182500000000000	1.08190263712234
-0.182000000000000	1.08262979220748
-0.181500000000000	1.08335652621732
-0.181000000000000	1.08408282993336
-0.180500000000000	1.08480869412227
-0.180000000000000	1.08553410953605
-0.179500000000000	1.08625906691218
-0.179000000000000	1.08698355697376
-0.178500000000000	1.08770757042971
-0.178000000000000	1.08843109797488
-0.177500000000000	1.08915413029022
-0.177000000000000	1.08987665804296
-0.176500000000000	1.09059867188676
-0.176000000000000	1.09132016246185
-0.175500000000000	1.09204112039523
-0.175000000000000	1.09276153630081
-0.174500000000000	1.09348140077959
-0.174000000000000	1.09420070441981
-0.173500000000000	1.09491943779713
-0.173000000000000	1.09563759147481
-0.172500000000000	1.09635515600385
-0.172000000000000	1.09707212192318
-0.171500000000000	1.09778847975984
-0.171000000000000	1.09850422002915
-0.170500000000000	1.09921933323486
-0.170000000000000	1.09993380986938
-0.169500000000000	1.10064764041389
-0.169000000000000	1.10136081533857
-0.168500000000000	1.10207332510277
-0.168000000000000	1.10278516015517
-0.167500000000000	1.10349631093398
-0.167000000000000	1.10420676786712
-0.166500000000000	1.10491652137240
-0.166000000000000	1.10562556185772
-0.165500000000000	1.10633387972124
-0.165000000000000	1.10704146535156
-0.164500000000000	1.10774830912795
-0.164000000000000	1.10845440142049
-0.163500000000000	1.10915973259028
-0.163000000000000	1.10986429298967
-0.162500000000000	1.11056807296238
-0.162000000000000	1.11127106284376
-0.161500000000000	1.11197325296093
-0.161000000000000	1.11267463363305
-0.160500000000000	1.11337519517144
-0.160000000000000	1.11407492787982
-0.159500000000000	1.11477382205451
-0.159000000000000	1.11547186798463
-0.158500000000000	1.11616905595226
-0.158000000000000	1.11686537623274
-0.157500000000000	1.11756081909475
-0.157000000000000	1.11825537480063
-0.156500000000000	1.11894903360651
-0.156000000000000	1.11964178576254
-0.155500000000000	1.12033362151312
-0.155000000000000	1.12102453109708
-0.154500000000000	1.12171450474790
-0.154000000000000	1.12240353269393
-0.153500000000000	1.12309160515859
-0.153000000000000	1.12377871236060
-0.152500000000000	1.12446484451417
-0.152000000000000	1.12514999182925
-0.151500000000000	1.12583414451170
-0.151000000000000	1.12651729276355
-0.150500000000000	1.12719942678322
-0.150000000000000	1.12788053676569
-0.149500000000000	1.12856061290278
-0.149000000000000	1.12923964538333
-0.148500000000000	1.12991762439344
-0.148000000000000	1.13059454011670
-0.147500000000000	1.13127038273441
-0.147000000000000	1.13194514242578
-0.146500000000000	1.13261880936819
-0.146000000000000	1.13329137373741
-0.145500000000000	1.13396282570781
-0.145000000000000	1.13463315545262
-0.144500000000000	1.13530235314412
-0.144000000000000	1.13597040895392
-0.143500000000000	1.13663731305314
-0.143000000000000	1.13730305561268
-0.142500000000000	1.13796762680344
-0.142000000000000	1.13863101679656
-0.141500000000000	1.13929321576364
-0.141000000000000	1.13995421387699
-0.140500000000000	1.14061400130987
-0.140000000000000	1.14127256823672
-0.139500000000000	1.14192990483340
-0.139000000000000	1.14258600127743
-0.138500000000000	1.14324084774822
-0.138000000000000	1.14389443442734
-0.137500000000000	1.14454675149873
-0.137000000000000	1.14519778914895
-0.136500000000000	1.14584753756746
-0.136000000000000	1.14649598694678
-0.135500000000000	1.14714312748285
-0.135000000000000	1.14778894937516
-0.134500000000000	1.14843344282708
-0.134000000000000	1.14907659804608
-0.133500000000000	1.14971840524395
-0.133000000000000	1.15035885463710
-0.132500000000000	1.15099793644678
-0.132000000000000	1.15163564089931
-0.131500000000000	1.15227195822637
-0.131000000000000	1.15290687866524
-0.130500000000000	1.15354039245904
-0.130000000000000	1.15417248985700
-0.129500000000000	1.15480316111467
-0.129000000000000	1.15543239649426
-0.128500000000000	1.15606018626479
-0.128000000000000	1.15668652070242
-0.127500000000000	1.15731139009069
-0.127000000000000	1.15793478472075
-0.126500000000000	1.15855669489164
-0.126000000000000	1.15917711091056
-0.125500000000000	1.15979602309309
-0.125000000000000	1.16041342176348
-0.124500000000000	1.16102929725488
-0.124000000000000	1.16164363990966
-0.123500000000000	1.16225644007958
-0.123000000000000	1.16286768812614
-0.122500000000000	1.16347737442076
-0.122000000000000	1.16408548934512
-0.121500000000000	1.16469202329135
-0.121000000000000	1.16529696666237
-0.120500000000000	1.16590030987206
-0.120000000000000	1.16650204334561
-0.119500000000000	1.16710215751972
-0.119000000000000	1.16770064284292
-0.118500000000000	1.16829748977578
-0.118000000000000	1.16889268879122
-0.117500000000000	1.16948623037475
-0.117000000000000	1.17007810502472
-0.116500000000000	1.17066830325266
-0.116000000000000	1.17125681558344
-0.115500000000000	1.17184363255563
-0.115000000000000	1.17242874472171
-0.114500000000000	1.17301214264837
-0.114000000000000	1.17359381691675
-0.113500000000000	1.17417375812274
-0.113000000000000	1.17475195687722
-0.112500000000000	1.17532840380633
-0.112000000000000	1.17590308955177
-0.111500000000000	1.17647600477104
-0.111000000000000	1.17704714013771
-0.110500000000000	1.17761648634171
-0.110000000000000	1.17818403408956
-0.109500000000000	1.17874977410470
-0.109000000000000	1.17931369712771
-0.108500000000000	1.17987579391659
-0.108000000000000	1.18043605524706
-0.107500000000000	1.18099447191277
-0.107000000000000	1.18155103472565
-0.106500000000000	1.18210573451610
-0.106000000000000	1.18265856213334
-0.105500000000000	1.18320950844561
-0.105000000000000	1.18375856434048
-0.104500000000000	1.18430572072512
-0.104000000000000	1.18485096852655
-0.103500000000000	1.18539429869195
-0.103000000000000	1.18593570218887
-0.102500000000000	1.18647517000557
-0.102000000000000	1.18701269315125
-0.101500000000000	1.18754826265631
-0.101000000000000	1.18808186957267
-0.100500000000000	1.18861350497399
-0.0999999999999996	1.18914315995597
-0.0994999999999996	1.18967082563661
-0.0989999999999996	1.19019649315650
-0.0984999999999996	1.19072015367906
-0.0979999999999996	1.19124179839081
-0.0974999999999996	1.19176141850170
-0.0969999999999996	1.19227900524528
-0.0964999999999996	1.19279454987909
-0.0959999999999996	1.19330804368480
-0.0954999999999996	1.19381947796859
-0.0949999999999996	1.19432884406137
-0.0944999999999996	1.19483613331903
-0.0939999999999996	1.19534133712277
-0.0934999999999996	1.19584444687930
-0.0929999999999996	1.19634545402115
-0.0924999999999996	1.19684435000695
-0.0919999999999996	1.19734112632164
-0.0914999999999996	1.19783577447681
-0.0909999999999996	1.19832828601091
-0.0904999999999996	1.19881865248954
-0.0899999999999996	1.19930686550574
-0.0894999999999996	1.19979291668019
-0.0889999999999996	1.20027679766157
-0.0884999999999996	1.20075850012673
-0.0879999999999996	1.20123801578101
-0.0874999999999996	1.20171533635851
-0.0869999999999996	1.20219045362233
-0.0864999999999996	1.20266335936482
-0.0859999999999996	1.20313404540790
-0.0854999999999996	1.20360250360327
-0.0849999999999996	1.20406872583268
-0.0844999999999996	1.20453270400823
-0.0839999999999996	1.20499443007259
-0.0834999999999996	1.20545389599926
-0.0829999999999996	1.20591109379286
-0.0824999999999996	1.20636601548939
-0.0819999999999996	1.20681865315644
-0.0814999999999996	1.20726899889350
-0.0809999999999996	1.20771704483222
-0.0804999999999996	1.20816278313661
-0.0799999999999996	1.20860620600337
-0.0794999999999996	1.20904730566208
-0.0789999999999996	1.20948607437551
-0.0784999999999996	1.20992250443984
-0.0779999999999996	1.21035658818494
-0.0774999999999996	1.21078831797458
-0.0769999999999996	1.21121768620673
-0.0764999999999996	1.21164468531381
-0.0759999999999996	1.21206930776288
-0.0754999999999996	1.21249154605599
-0.0749999999999996	1.21291139273032
-0.0744999999999996	1.21332884035852
-0.0739999999999996	1.21374388154891
-0.0734999999999996	1.21415650894575
-0.0729999999999996	1.21456671522944
-0.0724999999999996	1.21497449311685
-0.0719999999999996	1.21537983536147
-0.0714999999999996	1.21578273475374
-0.0709999999999996	1.21618318412122
-0.0704999999999996	1.21658117632887
-0.0699999999999996	1.21697670427931
-0.0694999999999996	1.21736976091300
-0.0689999999999996	1.21776033920854
-0.0684999999999996	1.21814843218288
-0.0679999999999996	1.21853403289154
-0.0674999999999996	1.21891713442889
-0.0669999999999996	1.21929772992836
-0.0664999999999996	1.21967581256266
-0.0659999999999996	1.22005137554404
-0.0654999999999996	1.22042441212451
-0.0649999999999996	1.22079491559609
-0.0644999999999996	1.22116287929099
-0.0639999999999996	1.22152829658190
-0.0634999999999996	1.22189116088217
-0.0629999999999996	1.22225146564608
-0.0624999999999996	1.22260920436901
-0.0619999999999996	1.22296437058773
-0.0614999999999996	1.22331695788058
-0.0609999999999996	1.22366695986769
-0.0604999999999996	1.22401437021123
-0.0599999999999996	1.22435918261560
-0.0594999999999996	1.22470139082768
-0.0589999999999996	1.22504098863701
-0.0584999999999996	1.22537796987604
-0.0579999999999996	1.22571232842033
-0.0574999999999996	1.22604405818876
-0.0569999999999996	1.22637315314375
-0.0564999999999996	1.22669960729147
-0.0559999999999996	1.22702341468204
-0.0554999999999996	1.22734456940975
-0.0549999999999996	1.22766306561328
-0.0544999999999996	1.22797889747587
-0.0539999999999996	1.22829205922556
-0.0534999999999996	1.22860254513536
-0.0529999999999996	1.22891034952350
-0.0524999999999996	1.22921546675355
-0.0519999999999996	1.22951789123473
-0.0514999999999996	1.22981761742200
-0.0509999999999996	1.23011463981634
-0.0504999999999996	1.23040895296487
-0.0499999999999996	1.23070055146110
-0.0494999999999996	1.23098942994513
-0.0489999999999996	1.23127558310376
-0.0484999999999996	1.23155900567078
-0.0479999999999996	1.23183969242708
-0.0474999999999996	1.23211763820089
-0.0469999999999996	1.23239283786792
-0.0464999999999996	1.23266528635159
-0.0459999999999996	1.23293497862315
-0.0454999999999996	1.23320190970193
-0.0449999999999996	1.23346607465545
-0.0444999999999996	1.23372746859967
-0.0439999999999996	1.23398608669909
-0.0434999999999996	1.23424192416697
-0.0429999999999996	1.23449497626551
-0.0424999999999996	1.23474523830597
-0.0419999999999996	1.23499270564889
-0.0414999999999996	1.23523737370424
-0.0409999999999996	1.23547923793157
-0.0404999999999996	1.23571829384019
-0.0399999999999996	1.23595453698933
-0.0394999999999996	1.23618796298830
-0.0389999999999996	1.23641856749665
-0.0384999999999996	1.23664634622432
-0.0379999999999996	1.23687129493181
-0.0374999999999996	1.23709340943030
-0.0369999999999996	1.23731268558186
-0.0364999999999996	1.23752911929954
-0.0359999999999996	1.23774270654755
-0.0354999999999996	1.23795344334141
-0.0349999999999996	1.23816132574808
-0.0344999999999996	1.23836634988611
-0.0339999999999996	1.23856851192577
-0.0334999999999996	1.23876780808923
-0.0329999999999996	1.23896423465062
-0.0324999999999996	1.23915778793627
-0.0319999999999996	1.23934846432474
-0.0314999999999996	1.23953626024704
-0.0309999999999996	1.23972117218668
-0.0304999999999996	1.23990319667988
-0.0299999999999996	1.24008233031562
-0.0294999999999996	1.24025856973584
-0.0289999999999996	1.24043191163549
-0.0284999999999996	1.24060235276269
-0.0279999999999996	1.24076988991888
-0.0274999999999996	1.24093451995886
-0.0269999999999996	1.24109623979096
-0.0264999999999996	1.24125504637715
-0.0259999999999996	1.24141093673315
-0.0254999999999996	1.24156390792851
-0.0249999999999996	1.24171395708675
-0.0244999999999996	1.24186108138547
-0.0239999999999996	1.24200527805643
-0.0234999999999996	1.24214654438565
-0.0229999999999996	1.24228487771355
-0.0224999999999996	1.24242027543501
-0.0219999999999996	1.24255273499946
-0.0214999999999996	1.24268225391102
-0.0209999999999996	1.24280882972854
-0.0204999999999996	1.24293246006572
-0.0199999999999996	1.24305314259121
-0.0194999999999996	1.24317087502866
-0.0189999999999996	1.24328565515681
-0.0184999999999996	1.24339748080963
-0.0179999999999996	1.24350634987630
-0.0174999999999996	1.24361226030137
-0.0169999999999996	1.24371521008483
-0.0164999999999996	1.24381519728213
-0.0159999999999996	1.24391222000429
-0.0154999999999996	1.24400627641798
-0.0149999999999996	1.24409736474557
-0.0144999999999996	1.24418548326519
-0.0139999999999996	1.24427063031082
-0.0134999999999996	1.24435280427231
-0.0129999999999996	1.24443200359549
-0.0124999999999996	1.24450822678220
-0.0119999999999996	1.24458147239033
-0.0114999999999996	1.24465173903392
-0.0109999999999996	1.24471902538315
-0.0104999999999996	1.24478333016445
-0.00999999999999957	1.24484465216052
-0.00949999999999956	1.24490299021036
-0.00899999999999956	1.24495834320934
-0.00849999999999956	1.24501071010923
-0.00799999999999956	1.24506008991823
-0.00749999999999956	1.24510648170104
-0.00699999999999956	1.24514988457884
-0.00649999999999956	1.24519029772937
-0.00599999999999956	1.24522772038694
-0.00549999999999956	1.24526215184248
-0.00499999999999956	1.24529359144353
-0.00449999999999956	1.24532203859428
-0.00399999999999956	1.24534749275561
-0.00349999999999956	1.24536995344510
-0.00299999999999956	1.24538942023702
-0.00249999999999956	1.24540589276239
-0.00199999999999956	1.24541937070898
-0.00149999999999956	1.24542985382129
-0.000999999999999559	1.24543734190061
-0.000499999999999559	1.24544183480498
4.40619762898109e-16	1.24544333244923
0.000500000000000441	1.24544183480498
0.00100000000000044	1.24543734190061
0.00150000000000044	1.24542985382129
0.00200000000000044	1.24541937070898
0.00250000000000044	1.24540589276239
0.00300000000000044	1.24538942023702
0.00350000000000044	1.24536995344510
0.00400000000000044	1.24534749275561
0.00450000000000044	1.24532203859428
0.00500000000000044	1.24529359144353
0.00550000000000044	1.24526215184248
0.00600000000000044	1.24522772038694
0.00650000000000044	1.24519029772937
0.00700000000000044	1.24514988457884
0.00750000000000044	1.24510648170104
0.00800000000000044	1.24506008991823
0.00850000000000045	1.24501071010923
0.00900000000000045	1.24495834320934
0.00950000000000045	1.24490299021036
0.0100000000000004	1.24484465216052
0.0105000000000004	1.24478333016445
0.0110000000000004	1.24471902538315
0.0115000000000004	1.24465173903392
0.0120000000000004	1.24458147239033
0.0125000000000004	1.24450822678220
0.0130000000000004	1.24443200359549
0.0135000000000005	1.24435280427231
0.0140000000000005	1.24427063031081
0.0145000000000005	1.24418548326519
0.0150000000000005	1.24409736474557
0.0155000000000005	1.24400627641798
0.0160000000000005	1.24391222000429
0.0165000000000005	1.24381519728213
0.0170000000000005	1.24371521008483
0.0175000000000005	1.24361226030137
0.0180000000000005	1.24350634987630
0.0185000000000005	1.24339748080963
0.0190000000000005	1.24328565515681
0.0195000000000005	1.24317087502866
0.0200000000000005	1.24305314259121
0.0205000000000005	1.24293246006572
0.0210000000000005	1.24280882972854
0.0215000000000005	1.24268225391102
0.0220000000000005	1.24255273499946
0.0225000000000005	1.24242027543501
0.0230000000000005	1.24228487771355
0.0235000000000005	1.24214654438565
0.0240000000000005	1.24200527805643
0.0245000000000005	1.24186108138547
0.0250000000000005	1.24171395708675
0.0255000000000005	1.24156390792851
0.0260000000000005	1.24141093673315
0.0265000000000005	1.24125504637715
0.0270000000000005	1.24109623979096
0.0275000000000005	1.24093451995886
0.0280000000000005	1.24076988991888
0.0285000000000005	1.24060235276269
0.0290000000000005	1.24043191163549
0.0295000000000005	1.24025856973584
0.0300000000000005	1.24008233031562
0.0305000000000005	1.23990319667988
0.0310000000000005	1.23972117218668
0.0315000000000005	1.23953626024704
0.0320000000000005	1.23934846432474
0.0325000000000005	1.23915778793627
0.0330000000000005	1.23896423465062
0.0335000000000005	1.23876780808923
0.0340000000000005	1.23856851192577
0.0345000000000005	1.23836634988611
0.0350000000000005	1.23816132574808
0.0355000000000005	1.23795344334141
0.0360000000000005	1.23774270654755
0.0365000000000005	1.23752911929954
0.0370000000000005	1.23731268558186
0.0375000000000005	1.23709340943030
0.0380000000000005	1.23687129493181
0.0385000000000005	1.23664634622432
0.0390000000000005	1.23641856749665
0.0395000000000005	1.23618796298830
0.0400000000000005	1.23595453698933
0.0405000000000005	1.23571829384019
0.0410000000000005	1.23547923793157
0.0415000000000005	1.23523737370424
0.0420000000000005	1.23499270564889
0.0425000000000005	1.23474523830597
0.0430000000000005	1.23449497626551
0.0435000000000005	1.23424192416697
0.0440000000000005	1.23398608669909
0.0445000000000005	1.23372746859967
0.0450000000000005	1.23346607465545
0.0455000000000005	1.23320190970192
0.0460000000000005	1.23293497862315
0.0465000000000005	1.23266528635159
0.0470000000000005	1.23239283786792
0.0475000000000005	1.23211763820089
0.0480000000000005	1.23183969242708
0.0485000000000005	1.23155900567078
0.0490000000000005	1.23127558310376
0.0495000000000005	1.23098942994512
0.0500000000000005	1.23070055146110
0.0505000000000005	1.23040895296487
0.0510000000000005	1.23011463981634
0.0515000000000005	1.22981761742200
0.0520000000000005	1.22951789123473
0.0525000000000005	1.22921546675355
0.0530000000000005	1.22891034952349
0.0535000000000005	1.22860254513536
0.0540000000000005	1.22829205922556
0.0545000000000005	1.22797889747587
0.0550000000000005	1.22766306561328
0.0555000000000005	1.22734456940975
0.0560000000000005	1.22702341468204
0.0565000000000005	1.22669960729147
0.0570000000000005	1.22637315314375
0.0575000000000005	1.22604405818876
0.0580000000000005	1.22571232842033
0.0585000000000005	1.22537796987604
0.0590000000000005	1.22504098863701
0.0595000000000005	1.22470139082768
0.0600000000000005	1.22435918261560
0.0605000000000005	1.22401437021123
0.0610000000000005	1.22366695986769
0.0615000000000005	1.22331695788058
0.0620000000000005	1.22296437058773
0.0625000000000005	1.22260920436901
0.0630000000000005	1.22225146564607
0.0635000000000005	1.22189116088217
0.0640000000000005	1.22152829658190
0.0645000000000005	1.22116287929099
0.0650000000000005	1.22079491559609
0.0655000000000005	1.22042441212451
0.0660000000000005	1.22005137554404
0.0665000000000005	1.21967581256265
0.0670000000000005	1.21929772992836
0.0675000000000005	1.21891713442889
0.0680000000000005	1.21853403289154
0.0685000000000005	1.21814843218288
0.0690000000000005	1.21776033920854
0.0695000000000005	1.21736976091300
0.0700000000000005	1.21697670427931
0.0705000000000005	1.21658117632887
0.0710000000000005	1.21618318412122
0.0715000000000005	1.21578273475374
0.0720000000000005	1.21537983536147
0.0725000000000005	1.21497449311685
0.0730000000000005	1.21456671522944
0.0735000000000005	1.21415650894574
0.0740000000000005	1.21374388154891
0.0745000000000005	1.21332884035852
0.0750000000000005	1.21291139273032
0.0755000000000005	1.21249154605598
0.0760000000000005	1.21206930776288
0.0765000000000005	1.21164468531381
0.0770000000000005	1.21121768620673
0.0775000000000005	1.21078831797458
0.0780000000000005	1.21035658818494
0.0785000000000005	1.20992250443984
0.0790000000000005	1.20948607437551
0.0795000000000005	1.20904730566208
0.0800000000000005	1.20860620600337
0.0805000000000005	1.20816278313661
0.0810000000000005	1.20771704483222
0.0815000000000005	1.20726899889350
0.0820000000000005	1.20681865315643
0.0825000000000005	1.20636601548938
0.0830000000000005	1.20591109379286
0.0835000000000005	1.20545389599926
0.0840000000000005	1.20499443007259
0.0845000000000005	1.20453270400823
0.0850000000000005	1.20406872583268
0.0855000000000005	1.20360250360327
0.0860000000000005	1.20313404540790
0.0865000000000005	1.20266335936482
0.0870000000000005	1.20219045362232
0.0875000000000005	1.20171533635851
0.0880000000000005	1.20123801578101
0.0885000000000005	1.20075850012673
0.0890000000000005	1.20027679766157
0.0895000000000005	1.19979291668019
0.0900000000000005	1.19930686550574
0.0905000000000005	1.19881865248954
0.0910000000000005	1.19832828601091
0.0915000000000005	1.19783577447681
0.0920000000000005	1.19734112632164
0.0925000000000005	1.19684435000695
0.0930000000000005	1.19634545402115
0.0935000000000005	1.19584444687930
0.0940000000000005	1.19534133712277
0.0945000000000005	1.19483613331903
0.0950000000000005	1.19432884406137
0.0955000000000005	1.19381947796859
0.0960000000000005	1.19330804368480
0.0965000000000005	1.19279454987908
0.0970000000000005	1.19227900524528
0.0975000000000005	1.19176141850169
0.0980000000000005	1.19124179839081
0.0985000000000005	1.19072015367906
0.0990000000000005	1.19019649315650
0.0995000000000005	1.18967082563661
0.100000000000001	1.18914315995597
0.100500000000001	1.18861350497399
0.101000000000001	1.18808186957267
0.101500000000001	1.18754826265631
0.102000000000001	1.18701269315125
0.102500000000001	1.18647517000557
0.103000000000001	1.18593570218887
0.103500000000001	1.18539429869195
0.104000000000001	1.18485096852655
0.104500000000001	1.18430572072512
0.105000000000001	1.18375856434048
0.105500000000001	1.18320950844561
0.106000000000001	1.18265856213334
0.106500000000001	1.18210573451610
0.107000000000001	1.18155103472564
0.107500000000001	1.18099447191277
0.108000000000001	1.18043605524706
0.108500000000001	1.17987579391659
0.109000000000001	1.17931369712771
0.109500000000001	1.17874977410470
0.110000000000001	1.17818403408956
0.110500000000001	1.17761648634171
0.111000000000001	1.17704714013771
0.111500000000001	1.17647600477104
0.112000000000001	1.17590308955177
0.112500000000001	1.17532840380633
0.113000000000001	1.17475195687722
0.113500000000001	1.17417375812274
0.114000000000001	1.17359381691675
0.114500000000001	1.17301214264837
0.115000000000001	1.17242874472171
0.115500000000001	1.17184363255563
0.116000000000001	1.17125681558344
0.116500000000001	1.17066830325266
0.117000000000001	1.17007810502472
0.117500000000001	1.16948623037474
0.118000000000001	1.16889268879122
0.118500000000001	1.16829748977578
0.119000000000001	1.16770064284292
0.119500000000001	1.16710215751972
0.120000000000001	1.16650204334561
0.120500000000001	1.16590030987206
0.121000000000001	1.16529696666237
0.121500000000001	1.16469202329135
0.122000000000001	1.16408548934512
0.122500000000001	1.16347737442076
0.123000000000001	1.16286768812613
0.123500000000001	1.16225644007958
0.124000000000001	1.16164363990966
0.124500000000001	1.16102929725488
0.125000000000001	1.16041342176347
0.125500000000001	1.15979602309309
0.126000000000001	1.15917711091056
0.126500000000001	1.15855669489164
0.127000000000001	1.15793478472075
0.127500000000001	1.15731139009069
0.128000000000001	1.15668652070242
0.128500000000001	1.15606018626479
0.129000000000001	1.15543239649426
0.129500000000001	1.15480316111467
0.130000000000001	1.15417248985700
0.130500000000001	1.15354039245904
0.131000000000001	1.15290687866524
0.131500000000001	1.15227195822637
0.132000000000001	1.15163564089930
0.132500000000001	1.15099793644678
0.133000000000001	1.15035885463710
0.133500000000001	1.14971840524395
0.134000000000001	1.14907659804608
0.134500000000001	1.14843344282708
0.135000000000001	1.14778894937516
0.135500000000001	1.14714312748285
0.136000000000001	1.14649598694678
0.136500000000001	1.14584753756745
0.137000000000001	1.14519778914895
0.137500000000001	1.14454675149873
0.138000000000001	1.14389443442734
0.138500000000001	1.14324084774822
0.139000000000001	1.14258600127743
0.139500000000001	1.14192990483340
0.140000000000001	1.14127256823672
0.140500000000001	1.14061400130987
0.141000000000001	1.13995421387699
0.141500000000001	1.13929321576364
0.142000000000001	1.13863101679656
0.142500000000001	1.13796762680344
0.143000000000001	1.13730305561268
0.143500000000001	1.13663731305314
0.144000000000001	1.13597040895392
0.144500000000001	1.13530235314412
0.145000000000001	1.13463315545261
0.145500000000001	1.13396282570781
0.146000000000001	1.13329137373740
0.146500000000001	1.13261880936819
0.147000000000001	1.13194514242578
0.147500000000001	1.13127038273441
0.148000000000001	1.13059454011670
0.148500000000001	1.12991762439344
0.149000000000001	1.12923964538332
0.149500000000001	1.12856061290277
0.150000000000001	1.12788053676569
0.150500000000001	1.12719942678322
0.151000000000001	1.12651729276355
0.151500000000001	1.12583414451169
0.152000000000001	1.12514999182924
0.152500000000001	1.12446484451417
0.153000000000001	1.12377871236060
0.153500000000001	1.12309160515859
0.154000000000001	1.12240353269393
0.154500000000001	1.12171450474790
0.155000000000001	1.12102453109708
0.155500000000001	1.12033362151312
0.156000000000001	1.11964178576254
0.156500000000001	1.11894903360650
0.157000000000001	1.11825537480063
0.157500000000001	1.11756081909475
0.158000000000001	1.11686537623273
0.158500000000001	1.11616905595226
0.159000000000001	1.11547186798462
0.159500000000001	1.11477382205451
0.160000000000001	1.11407492787982
0.160500000000001	1.11337519517144
0.161000000000001	1.11267463363305
0.161500000000001	1.11197325296093
0.162000000000001	1.11127106284375
0.162500000000001	1.11056807296238
0.163000000000001	1.10986429298967
0.163500000000001	1.10915973259028
0.164000000000001	1.10845440142048
0.164500000000001	1.10774830912795
0.165000000000001	1.10704146535156
0.165500000000001	1.10633387972124
0.166000000000001	1.10562556185772
0.166500000000001	1.10491652137240
0.167000000000001	1.10420676786712
0.167500000000001	1.10349631093398
0.168000000000001	1.10278516015517
0.168500000000001	1.10207332510277
0.169000000000001	1.10136081533857
0.169500000000001	1.10064764041389
0.170000000000001	1.09993380986938
0.170500000000001	1.09921933323486
0.171000000000001	1.09850422002915
0.171500000000001	1.09778847975984
0.172000000000001	1.09707212192318
0.172500000000001	1.09635515600385
0.173000000000001	1.09563759147481
0.173500000000001	1.09491943779713
0.174000000000001	1.09420070441981
0.174500000000001	1.09348140077959
0.175000000000001	1.09276153630081
0.175500000000001	1.09204112039523
0.176000000000001	1.09132016246185
0.176500000000001	1.09059867188676
0.177000000000001	1.08987665804296
0.177500000000001	1.08915413029022
0.178000000000001	1.08843109797488
0.178500000000001	1.08770757042971
0.179000000000001	1.08698355697376
0.179500000000001	1.08625906691217
0.180000000000001	1.08553410953605
0.180500000000001	1.08480869412227
0.181000000000001	1.08408282993336
0.181500000000001	1.08335652621732
0.182000000000001	1.08262979220748
0.182500000000001	1.08190263712234
0.183000000000001	1.08117507016543
0.183500000000001	1.08044710052514
0.184000000000001	1.07971873737459
0.184500000000001	1.07898998987149
0.185000000000001	1.07826086715796
0.185500000000001	1.07753137836042
0.186000000000001	1.07680153258941
0.186500000000001	1.07607133893948
0.187000000000001	1.07534080648905
0.187500000000001	1.07460994430024
0.188000000000001	1.07387876141875
0.188500000000001	1.07314726687372
0.189000000000001	1.07241546967759
0.189500000000001	1.07168337882597
0.190000000000001	1.07095100329751
0.190500000000001	1.07021835205374
0.191000000000001	1.06948543403899
0.191500000000001	1.06875225818020
0.192000000000001	1.06801883338683
0.192500000000001	1.06728516855071
0.193000000000001	1.06655127254595
0.193500000000001	1.06581715422875
0.194000000000001	1.06508282243735
0.194500000000001	1.06434828599184
0.195000000000001	1.06361355369410
0.195500000000001	1.06287863432761
0.196000000000001	1.06214353665741
0.196500000000001	1.06140826942990
0.197000000000001	1.06067284137279
0.197500000000001	1.05993726119495
0.198000000000001	1.05920153758629
0.198500000000001	1.05846567921768
0.199000000000001	1.05772969474080
0.199500000000001	1.05699359278804
0.200000000000001	1.05625738197243
0.200500000000001	1.05552107088746
0.201000000000001	1.05478466810701
0.201500000000001	1.05404818218528
0.202000000000001	1.05331162165662
0.202500000000001	1.05257499503545
0.203000000000001	1.05183831081618
0.203500000000001	1.05110157747308
0.204000000000001	1.05036480346019
0.204500000000001	1.04962799721124
0.205000000000001	1.04889116713950
0.205500000000001	1.04815432163775
0.206000000000001	1.04741746907813
0.206500000000001	1.04668061781208
0.207000000000001	1.04594377617024
0.207500000000001	1.04520695246233
0.208000000000001	1.04447015497711
0.208500000000001	1.04373339198224
0.209000000000001	1.04299667172423
0.209500000000001	1.04226000242833
0.210000000000001	1.04152339229845
0.210500000000001	1.04078684951708
0.211000000000001	1.04005038224522
0.211500000000001	1.03931399862225
0.212000000000001	1.03857770676590
0.212500000000001	1.03784151477214
0.213000000000001	1.03710543071513
0.213500000000001	1.03636946264709
0.214000000000001	1.03563361859829
0.214500000000001	1.03489790657691
0.215000000000001	1.03416233456904
0.215500000000001	1.03342691053851
0.216000000000001	1.03269164242691
0.216500000000001	1.03195653815347
0.217000000000001	1.03122160561501
0.217500000000001	1.03048685268583
0.218000000000001	1.02975228721772
0.218500000000001	1.02901791703982
0.219000000000001	1.02828374995859
0.219500000000001	1.02754979375774
0.220000000000001	1.02681605619817
0.220500000000001	1.02608254501790
0.221000000000001	1.02534926793202
0.221500000000001	1.02461623263261
0.222000000000001	1.02388344678872
0.222500000000001	1.02315091804627
0.223000000000001	1.02241865402802
0.223500000000001	1.02168666233350
0.224000000000001	1.02095495053897
0.224500000000001	1.02022352619735
0.225000000000001	1.01949239683820
0.225500000000001	1.01876156996762
0.226000000000001	1.01803105306824
0.226500000000001	1.01730085359917
0.227000000000001	1.01657097899592
0.227500000000001	1.01584143667039
0.228000000000001	1.01511223401079
0.228500000000001	1.01438337838164
0.229000000000001	1.01365487712368
0.229500000000001	1.01292673755386
0.230000000000001	1.01219896696528
0.230500000000001	1.01147157262717
0.231000000000001	1.01074456178481
0.231500000000001	1.01001794165956
0.232000000000001	1.00929171944874
0.232500000000001	1.00856590232567
0.233000000000001	1.00784049743958
0.233500000000001	1.00711551191561
0.234000000000001	1.00639095285474
0.234500000000001	1.00566682733382
0.235000000000001	1.00494314240547
0.235500000000001	1.00421990509809
0.236000000000001	1.00349712241582
0.236500000000001	1.00277480133851
0.237000000000001	1.00205294882171
0.237500000000001	1.00133157179661
0.238000000000001	1.00061067717005
0.238500000000001	0.999890271824469
0.239000000000001	0.999170362617901
0.239500000000001	0.998450956383941
0.240000000000001	0.997732059931726
0.240500000000001	0.997013680045920
0.241000000000001	0.996295823486687
0.241500000000001	0.995578496989677
0.242000000000001	0.994861707266006
0.242500000000001	0.994145461002244
0.243000000000001	0.993429764860392
0.243500000000001	0.992714625477874
0.244000000000001	0.992000049467517
0.244500000000001	0.991286043417545
0.245000000000001	0.990572613891561
0.245500000000001	0.989859767428538
0.246000000000001	0.989147510542809
0.246500000000001	0.988435849724057
0.247000000000001	0.987724791437308
0.247500000000001	0.987014342122921
0.248000000000001	0.986304508196583
0.248500000000001	0.985595296049302
0.249000000000001	0.984886712047404
0.249500000000001	0.984178762532527
0.250000000000001	0.983471453821617
0.250500000000001	0.982764792206928
0.251000000000001	0.982058783956020
0.251500000000001	0.981353435311756
0.252000000000001	0.980648752492304
0.252500000000001	0.979944741691139
0.253000000000001	0.979241409077042
0.253500000000001	0.978538760794104
0.254000000000001	0.977836802961729
0.254500000000001	0.977135541674639
0.255000000000001	0.976434983002881
0.255500000000001	0.975735132991825
0.256000000000001	0.975035997662182
0.256500000000001	0.974337583010000
0.257000000000001	0.973639895006683
0.257500000000001	0.972942939598990
0.258000000000001	0.972246722709051
0.258500000000001	0.971551250234378
0.259000000000001	0.970856528047871
0.259500000000001	0.970162561997834
0.260000000000001	0.969469357907989
0.260500000000001	0.968776921577485
0.261000000000001	0.968085258780916
0.261500000000001	0.967394375268335
0.262000000000001	0.966704276765270
0.262500000000001	0.966014968972737
0.263000000000001	0.965326457567266
0.263500000000001	0.964638748200908
0.264000000000001	0.963951846501261
0.264500000000001	0.963265758071487
0.265000000000001	0.962580488490333
0.265500000000001	0.961896043312151
0.266000000000001	0.961212428066917
0.266500000000001	0.960529648260258
0.267000000000001	0.959847709373472
0.267500000000001	0.959166616863550
0.268000000000001	0.958486376163205
0.268500000000001	0.957806992680892
0.269000000000001	0.957128471800833
0.269500000000001	0.956450818883050
0.270000000000001	0.955774039263383
0.270500000000001	0.955098138253524
0.271000000000001	0.954423121141041
0.271500000000001	0.953748993189409
0.272000000000001	0.953075759638037
0.272500000000001	0.952403425702302
0.273000000000001	0.951731996573574
0.273500000000001	0.951061477419251
0.274000000000001	0.950391873382792
0.274500000000001	0.949723189583745
0.275000000000001	0.949055431117781
0.275500000000001	0.948388603056731
0.276000000000001	0.947722710448617
0.276500000000001	0.947057758317686
0.277000000000001	0.946393751664450
0.277500000000001	0.945730695465714
0.278000000000001	0.945068594674621
0.278500000000001	0.944407454220682
0.279000000000001	0.943747279009819
0.279500000000001	0.943088073924398
0.280000000000001	0.942429843823271
0.280500000000001	0.941772593541816
0.281000000000001	0.941116327891972
0.281500000000001	0.940461051662283
0.282000000000001	0.939806769617939
0.282500000000001	0.939153486500815
0.283000000000001	0.938501207029514
0.283500000000001	0.937849935899408
0.284000000000001	0.937199677782683
0.284500000000001	0.936550437328380
0.285000000000001	0.935902219162442
0.285500000000001	0.935255027887754
0.286000000000001	0.934608868084189
0.286500000000001	0.933963744308655
0.287000000000001	0.933319661095141
0.287500000000001	0.932676622954758
0.288000000000001	0.932034634375792
0.288500000000001	0.931393699823747
0.289000000000001	0.930753823741395
0.289500000000001	0.930115010548821
0.290000000000001	0.929477264643473
0.290500000000001	0.928840590400213
0.291000000000001	0.928204992171361
0.291500000000001	0.927570474286749
0.292000000000001	0.926937041053770
0.292500000000001	0.926304696757428
0.293000000000001	0.925673445660389
0.293500000000001	0.925043292003033
0.294000000000001	0.924414240003503
0.294500000000001	0.923786293857761
0.295000000000001	0.923159457739639
0.295500000000001	0.922533735800890
0.296000000000001	0.921909132171244
0.296500000000001	0.921285650958459
0.297000000000001	0.920663296248379
0.297500000000001	0.920042072104983
0.298000000000001	0.919421982570443
0.298500000000001	0.918803031665180
0.299000000000001	0.918185223387918
0.299500000000001	0.917568561715737
0.300000000000001	0.916953050604134
0.300500000000001	0.916338693987079
0.301000000000001	0.915725495777066
0.301500000000001	0.915113459865177
0.302000000000001	0.914502590121137
0.302500000000001	0.913892890393370
0.303000000000001	0.913284364509059
0.303500000000001	0.912677016274204
0.304000000000001	0.912070849473680
0.304500000000001	0.911465867871299
0.305000000000001	0.910862075209863
0.305500000000001	0.910259475211230
0.306000000000001	0.909658071576371
0.306500000000001	0.909057867985431
0.307000000000001	0.908458868097786
0.307500000000001	0.907861075552109
0.308000000000001	0.907264493966429
0.308500000000001	0.906669126938190
0.309000000000001	0.906074978044315
0.309500000000001	0.905482050841267
0.310000000000001	0.904890348865111
0.310500000000001	0.904299875631575
0.311000000000001	0.903710634636115
0.311500000000001	0.903122629353976
0.312000000000001	0.902535863240256
0.312500000000001	0.901950339729966
0.313000000000001	0.901366062238099
0.313500000000001	0.900783034159689
0.314000000000001	0.900201258869876
0.314500000000001	0.899620739723972
0.315000000000001	0.899041480057521
0.315500000000001	0.898463483186368
0.316000000000001	0.897886752406722
0.316500000000001	0.897311290995220
0.317000000000001	0.896737102208993
0.317500000000001	0.896164189285730
0.318000000000001	0.895592555443746
0.318500000000001	0.895022203882044
0.319000000000001	0.894453137780385
0.319500000000001	0.893885360299350
0.320000000000001	0.893318874580408
0.320500000000001	0.892753683745981
0.321000000000001	0.892189790899516
0.321500000000001	0.891627199125541
0.322000000000001	0.891065911489741
0.322500000000001	0.890505931039023
0.323000000000001	0.889947260801579
0.323500000000001	0.889389903786957
0.324000000000001	0.888833862986127
0.324500000000001	0.888279141371550
0.325000000000001	0.887725741897241
0.325500000000001	0.887173667498844
0.326000000000001	0.886622921093694
0.326500000000001	0.886073505580884
0.327000000000001	0.885525423841340
0.327500000000001	0.884978678737881
0.328000000000001	0.884433273115295
0.328500000000001	0.883889209800401
0.329000000000001	0.883346491602119
0.329500000000001	0.882805121311541
0.330000000000001	0.882265101701999
0.330500000000001	0.881726435529130
0.331000000000001	0.881189125530951
0.331500000000001	0.880653174427921
0.332000000000001	0.880118584923025
0.332500000000001	0.879585359701805
0.333000000000001	0.879053501432479
0.333500000000001	0.878523012765981
0.334000000000001	0.877993896336036
0.334500000000001	0.877466154759228
0.335000000000001	0.876939790635071
0.335500000000001	0.876414806546079
0.336000000000001	0.875891205057834
0.336500000000001	0.875368988719057
0.337000000000001	0.874848160061675
0.337500000000001	0.874328721600892
0.338000000000001	0.873810675835262
0.338500000000001	0.873294025246753
0.339000000000001	0.872778772300819
0.339500000000001	0.872264919446471
0.340000000000001	0.871752469116346
0.340500000000001	0.871241423726775
0.341000000000001	0.870731785677856
0.341500000000001	0.870223557353520
0.342000000000001	0.869716741121604
0.342500000000001	0.869211339333921
0.343000000000001	0.868707354326325
0.343500000000001	0.868204788418787
0.344000000000001	0.867703643915462
0.344500000000001	0.867203923104758
0.345000000000001	0.866705628259407
0.345500000000001	0.866208761636533
0.346000000000001	0.865713325477727
0.346500000000001	0.865219322009110
0.347000000000001	0.864726753441407
0.347500000000001	0.864235621970014
0.348000000000001	0.863745929775072
0.348500000000001	0.863257679021531
0.349000000000001	0.862770871859226
0.349500000000001	0.862285510422939
0.350000000000001	0.861801596832477
0.350500000000001	0.861319133192733
0.351000000000001	0.860838121593765
0.351500000000001	0.860358564110855
0.352000000000001	0.859880462804587
0.352500000000001	0.859403819720912
0.353000000000001	0.858928636891218
0.353500000000001	0.858454916332402
0.354000000000001	0.857982660046933
0.354500000000001	0.857511870022927
0.355000000000001	0.857042548234215
0.355500000000001	0.856574696640410
0.356000000000001	0.856108317186975
0.356500000000001	0.855643411805298
0.357000000000001	0.855179982412754
0.357500000000001	0.854718030912776
0.358000000000001	0.854257559194926
0.358500000000001	0.853798569134960
0.359000000000001	0.853341062594900
0.359500000000001	0.852885041423097
0.360000000000001	0.852430507454307
0.360500000000001	0.851977462509753
0.361000000000001	0.851525908397194
0.361500000000001	0.851075846910997
0.362000000000001	0.850627279832201
0.362500000000001	0.850180208928587
0.363000000000001	0.849734635954741
0.363500000000001	0.849290562652131
0.364000000000001	0.848847990749165
0.364500000000001	0.848406921961265
0.365000000000001	0.847967357990929
0.365500000000001	0.847529300527805
0.366000000000001	0.847092751248750
0.366500000000001	0.846657711817904
0.367000000000001	0.846224183886752
0.367500000000001	0.845792169094195
0.368000000000001	0.845361669066613
0.368500000000001	0.844932685417931
0.369000000000001	0.844505219749692
0.369500000000001	0.844079273651114
0.370000000000001	0.843654848699163
0.370500000000001	0.843231946458616
0.371000000000001	0.842810568482127
0.371500000000001	0.842390716310295
0.372000000000001	0.841972391471726
0.372500000000001	0.841555595483101
0.373000000000001	0.841140329849239
0.373500000000001	0.840726596063167
0.374000000000001	0.840314395606179
0.374500000000001	0.839903729947904
0.375000000000001	0.839494600546371
0.375500000000001	0.839087008848072
0.376000000000001	0.838680956288029
0.376500000000001	0.838276444289855
0.377000000000001	0.837873474265819
0.377500000000001	0.837472047616913
0.378000000000001	0.837072165732912
0.378500000000001	0.836673829992437
0.379000000000001	0.836277041763025
0.379500000000001	0.835881802401185
0.380000000000001	0.835488113252462
0.380500000000001	0.835095975651507
0.381000000000001	0.834705390922129
0.381500000000001	0.834316360377368
0.382000000000001	0.833928885319550
0.382500000000001	0.833542967040353
0.383000000000001	0.833158606820867
0.383500000000001	0.832775805931659
0.384000000000001	0.832394565632832
0.384500000000001	0.832014887174086
0.385000000000001	0.831636771794782
0.385500000000001	0.831260220724002
0.386000000000001	0.830885235180610
0.386500000000001	0.830511816373312
0.387000000000001	0.830139965500717
0.387500000000001	0.829769683751401
0.388000000000001	0.829400972303960
0.388500000000001	0.829033832327076
0.389000000000001	0.828668264979576
0.389500000000001	0.828304271410489
0.390000000000001	0.827941852759109
0.390500000000001	0.827581010155051
0.391000000000001	0.827221744718311
0.391500000000001	0.826864057559329
0.392000000000001	0.826507949779040
0.392500000000001	0.826153422468939
0.393000000000001	0.825800476711136
0.393500000000001	0.825449113578416
0.394000000000001	0.825099334134295
0.394500000000001	0.824751139433078
0.395000000000001	0.824404530519919
0.395500000000001	0.824059508430874
0.396000000000001	0.823716074192962
0.396500000000001	0.823374228824219
0.397000000000001	0.823033973333756
0.397500000000001	0.822695308721814
0.398000000000001	0.822358235979824
0.398500000000001	0.822022756090456
0.399000000000001	0.821688870027684
0.399500000000001	0.821356578756832
0.400000000000001	0.821025883234635
0.400500000000001	0.820696784409295
0.401000000000001	0.820369283220531
0.401500000000001	0.820043380599637
0.402000000000001	0.819719077469537
0.402500000000001	0.819396374744835
0.403000000000001	0.819075273331875
0.403500000000001	0.818755774128790
0.404000000000001	0.818437878025556
0.404500000000001	0.818121585904049
0.405000000000001	0.817806898638093
0.405500000000001	0.817493817093516
0.406000000000001	0.817182342128202
0.406500000000001	0.816872474592143
0.407000000000001	0.816564215327491
0.407500000000001	0.816257565168609
0.408000000000001	0.815952524942125
0.408500000000001	0.815649095466983
0.409000000000001	0.815347277554491
0.409500000000001	0.815047072008375
0.410000000000001	0.814748479624828
0.410500000000001	0.814451501192564
0.411000000000001	0.814156137492863
0.411500000000001	0.813862389299624
0.412000000000001	0.813570257379414
0.412500000000001	0.813279742491518
0.413000000000001	0.812990845387987
0.413500000000001	0.812703566813690
0.414000000000001	0.812417907506357
0.414500000000001	0.812133868196635
0.415000000000001	0.811851449608128
0.415500000000001	0.811570652457454
0.416000000000001	0.811291477454283
0.416500000000001	0.811013925301395
0.417000000000001	0.810737996694716
0.417500000000001	0.810463692323375
0.418000000000001	0.810191012869744
0.418500000000001	0.809919959009489
0.419000000000001	0.809650531411612
0.419500000000001	0.809382730738501
0.420000000000001	0.809116557645973
0.420500000000001	0.808852012783320
0.421000000000001	0.808589096793356
0.421500000000001	0.808327810312459
0.422000000000001	0.808068153970617
0.422500000000001	0.807810128391475
0.423000000000001	0.807553734192374
0.423500000000001	0.807298971984400
0.424000000000001	0.807045842372425
0.424500000000001	0.806794345955148
0.425000000000001	0.806544483325146
0.425500000000001	0.806296255068908
0.426000000000001	0.806049661766883
0.426500000000001	0.805804703993521
0.427000000000001	0.805561382317314
0.427500000000001	0.805319697300839
0.428000000000001	0.805079649500801
0.428500000000001	0.804841239468070
0.429000000000001	0.804604467747726
0.429500000000001	0.804369334879100
0.430000000000001	0.804135841395810
0.430500000000001	0.803903987825806
0.431000000000001	0.803673774691409
0.431500000000001	0.803445202509347
0.432000000000001	0.803218271790801
0.432500000000001	0.802992983041437
0.433000000000001	0.802769336761451
0.433500000000001	0.802547333445604
0.434000000000001	0.802326973583261
0.434500000000001	0.802108257658431
0.435000000000001	0.801891186149801
0.435500000000001	0.801675759530778
0.436000000000001	0.801461978269523
0.436500000000001	0.801249842828991
0.437000000000001	0.801039353666962
0.437500000000001	0.800830511236085
0.438000000000001	0.800623315983909
0.438500000000001	0.800417768352921
0.439000000000001	0.800213868780582
0.439500000000001	0.800011617699358
0.440000000000001	0.799811015536762
0.440500000000001	0.799612062715385
0.441000000000001	0.799414759652930
0.441500000000001	0.799219106762246
0.442000000000001	0.799025104451366
0.442500000000001	0.798832753123537
0.443000000000001	0.798642053177253
0.443500000000001	0.798453005006290
0.444000000000001	0.798265608999740
0.444500000000001	0.798079865542041
0.445000000000001	0.797895775013008
0.445500000000001	0.797713337787872
0.446000000000001	0.797532554237303
0.446500000000001	0.797353424727448
0.447000000000001	0.797175949619960
0.447500000000001	0.797000129272027
0.448000000000001	0.796825964036407
0.448500000000001	0.796653454261452
0.449000000000001	0.796482600291146
0.449500000000001	0.796313402465129
0.450000000000001	0.796145861118728
0.450500000000001	0.795979976582987
0.451000000000001	0.795815749184695
0.451500000000001	0.795653179246417
0.452000000000001	0.795492267086518
0.452500000000001	0.795333013019196
0.453000000000001	0.795175417354506
0.453500000000001	0.795019480398389
0.454000000000001	0.794865202452702
0.454500000000001	0.794712583815241
0.455000000000001	0.794561624779766
0.455500000000001	0.794412325636037
0.456000000000001	0.794264686669828
0.456500000000001	0.794118708162961
0.457000000000001	0.793974390393330
0.457500000000001	0.793831733634924
0.458000000000001	0.793690738157853
0.458500000000001	0.793551404228376
0.459000000000001	0.793413732108920
0.459500000000001	0.793277722058108
0.460000000000001	0.793143374330782
0.460500000000001	0.793010689178024
0.461000000000001	0.792879666847185
0.461500000000001	0.792750307581903
0.462000000000001	0.792622611622126
0.462500000000001	0.792496579204138
0.463000000000001	0.792372210560578
0.463500000000001	0.792249505920463
0.464000000000001	0.792128465509210
0.464500000000001	0.792009089548655
0.465000000000001	0.791891378257076
0.465500000000001	0.791775331849216
0.466000000000001	0.791660950536299
0.466500000000001	0.791548234526052
0.467000000000001	0.791437184022724
0.467500000000001	0.791327799227109
0.468000000000001	0.791220080336561
0.468500000000001	0.791114027545015
0.469000000000001	0.791009641043007
0.469500000000001	0.790906921017688
0.470000000000001	0.790805867652847
0.470500000000001	0.790706481128928
0.471000000000001	0.790608761623044
0.471500000000001	0.790512709308999
0.472000000000001	0.790418324357301
0.472500000000001	0.790325606935181
0.473000000000001	0.790234557206611
0.473500000000001	0.790145175332314
0.474000000000001	0.790057461469787
0.474500000000001	0.789971415773312
0.475000000000001	0.789887038393973
0.475500000000001	0.789804329479671
0.476000000000001	0.789723289175138
0.476500000000001	0.789643917621950
0.477000000000001	0.789566214958546
0.477500000000001	0.789490181320236
0.478000000000001	0.789415816839218
0.478500000000001	0.789343121644591
0.479000000000001	0.789272095862365
0.479500000000001	0.789202739615479
0.480000000000001	0.789135053023808
0.480500000000001	0.789069036204178
0.481000000000001	0.789004689270377
0.481500000000001	0.788942012333167
0.482000000000001	0.788881005500294
0.482500000000001	0.788821668876502
0.483000000000001	0.788764002563537
0.483500000000001	0.788708006660167
0.484000000000001	0.788653681262182
0.484500000000001	0.788601026462412
0.485000000000001	0.788550042350730
0.485500000000001	0.788500729014066
0.486000000000001	0.788453086536414
0.486500000000001	0.788407114998839
0.487000000000001	0.788362814479488
0.487500000000001	0.788320185053598
0.488000000000001	0.788279226793500
0.488500000000001	0.788239939768630
0.489000000000001	0.788202324045536
0.489500000000001	0.788166379687883
0.490000000000001	0.788132106756461
0.490500000000001	0.788099505309190
0.491000000000001	0.788068575401129
0.491500000000001	0.788039317084476
0.492000000000001	0.788011730408579
0.492500000000001	0.787985815419939
0.493000000000001	0.787961572162214
0.493500000000001	0.787939000676225
0.494000000000001	0.787918100999957
0.494500000000001	0.787898873168569
0.495000000000001	0.787881317214392
0.495500000000001	0.787865433166934
0.496000000000001	0.787851221052885
0.496500000000001	0.787838680896116
0.497000000000001	0.787827812717686
0.497500000000001	0.787818616535841
0.498000000000001	0.787811092366015
0.498500000000001	0.787805240220837
0.499000000000001	0.787801060110125
0.499500000000001	0.787798552040893