-0.500000000000000	0.0335297321929960
-0.499500000000000	0.0335299472529315
-0.499000000000000	0.0335305924420506
-0.498500000000000	0.0335316677882954
-0.498000000000000	0.0335331733382323
-0.497500000000000	0.0335351091570642
-0.497000000000000	0.0335374753286304
-0.496500000000000	0.0335402719554135
-0.496000000000000	0.0335434991585508
-0.495500000000000	0.0335471570778372
-0.495000000000000	0.0335512458717438
-0.494500000000000	0.0335557657174221
-0.494000000000000	0.0335607168107233
-0.493500000000000	0.0335660993662139
-0.493000000000000	0.0335719136171859
-0.492500000000000	0.0335781598156827
-0.492000000000000	0.0335848382325133
-0.491500000000000	0.0335919491572726
-0.491000000000000	0.0335994928983711
-0.490500000000000	0.0336074697830484
-0.490000000000000	0.0336158801574064
-0.489500000000000	0.0336247243864317
-0.489000000000000	0.0336340028540268
-0.488500000000000	0.0336437159630370
-0.488000000000000	0.0336538641352826
-0.487500000000000	0.0336644478115923
-0.487000000000000	0.0336754674518373
-0.486500000000000	0.0336869235349647
-0.486000000000000	0.0336988165590378
-0.485500000000000	0.0337111470412698
-0.485000000000000	0.0337239155180720
-0.484500000000000	0.0337371225450849
-0.484000000000000	0.0337507686972295
-0.483500000000000	0.0337648545687499
-0.483000000000000	0.0337793807732539
-0.482500000000000	0.0337943479437697
-0.482000000000000	0.0338097567327887
-0.481500000000000	0.0338256078123183
-0.481000000000000	0.0338419018739306
-0.480500000000000	0.0338586396288216
-0.480000000000000	0.0338758218078654
-0.479500000000000	0.0338934491616655
-0.479000000000000	0.0339115224606179
-0.478500000000000	0.0339300424949743
-0.478000000000000	0.0339490100748926
-0.477500000000000	0.0339684260305122
-0.477000000000000	0.0339882912120101
-0.476500000000000	0.0340086064896722
-0.476000000000000	0.0340293727539590
-0.475500000000000	0.0340505909155712
-0.475000000000000	0.0340722619055310
-0.474500000000000	0.0340943866752440
-0.474000000000000	0.0341169661965791
-0.473500000000000	0.0341400014619426
-0.473000000000000	0.0341634934843577
-0.472500000000000	0.0341874432975427
-0.472000000000000	0.0342118519559891
-0.471500000000000	0.0342367205350488
-0.471000000000000	0.0342620501310167
-0.470500000000000	0.0342878418612134
-0.470000000000000	0.0343140968640792
-0.469500000000000	0.0343408162992565
-0.469000000000000	0.0343680013476870
-0.468500000000000	0.0343956532116990
-0.468000000000000	0.0344237731151061
-0.467500000000000	0.0344523623033014
-0.467000000000000	0.0344814220433563
-0.466500000000000	0.0345109536241215
-0.466000000000000	0.0345409583563240
-0.465500000000000	0.0345714375726765
-0.465000000000000	0.0346023926279783
-0.464500000000000	0.0346338248992232
-0.464000000000000	0.0346657357857113
-0.463500000000000	0.0346981267091548
-0.463000000000000	0.0347309991137938
-0.462500000000000	0.0347643544665096
-0.462000000000000	0.0347981942569424
-0.461500000000000	0.0348325199976073
-0.461000000000000	0.0348673332240143
-0.460500000000000	0.0349026354947935
-0.460000000000000	0.0349384283918147
-0.459500000000000	0.0349747135203161
-0.459000000000000	0.0350114925090341
-0.458500000000000	0.0350487670103248
-0.458000000000000	0.0350865387003061
-0.457500000000000	0.0351248092789838
-0.457000000000000	0.0351635804703936
-0.456500000000000	0.0352028540227317
-0.456000000000000	0.0352426317085015
-0.455500000000000	0.0352829153246506
-0.455000000000000	0.0353237066927198
-0.454500000000000	0.0353650076589822
-0.454000000000000	0.0354068200945983
-0.453500000000000	0.0354491458957628
-0.453000000000000	0.0354919869838586
-0.452500000000000	0.0355353453056094
-0.452000000000000	0.0355792228332381
-0.451500000000000	0.0356236215646262
-0.451000000000000	0.0356685435234738
-0.450500000000000	0.0357139907594631
-0.450000000000000	0.0357599653484278
-0.449500000000000	0.0358064693925130
-0.449000000000000	0.0358535050203552
-0.448500000000000	0.0359010743872473
-0.448000000000000	0.0359491796753180
-0.447500000000000	0.0359978230937055
-0.447000000000000	0.0360470068787422
-0.446500000000000	0.0360967332941308
-0.446000000000000	0.0361470046311336
-0.445500000000000	0.0361978232087565
-0.445000000000000	0.0362491913739385
-0.444500000000000	0.0363011115017462
-0.444000000000000	0.0363535859955644
-0.443500000000000	0.0364066172872949
-0.443000000000000	0.0364602078550465
-0.442500000000000	0.0365143601526676
-0.442000000000000	0.0365690767170347
-0.441500000000000	0.0366243600961367
-0.441000000000000	0.0366802128674990
-0.440500000000000	0.0367366376384005
-0.440000000000000	0.0367936370460858
-0.439500000000000	0.0368512137579838
-0.439000000000000	0.0369093704719276
-0.438500000000000	0.0369681099163806
-0.438000000000000	0.0370274348506567
-0.437500000000000	0.0370873480651562
-0.437000000000000	0.0371478523815920
-0.436500000000000	0.0372089506532260
-0.436000000000000	0.0372706457651069
-0.435500000000000	0.0373329406343098
-0.435000000000000	0.0373958382101804
-0.434500000000000	0.0374593414745804
-0.434000000000000	0.0375234534421352
-0.433500000000000	0.0375881771604885
-0.433000000000000	0.0376535157105583
-0.432500000000000	0.0377194722067916
-0.432000000000000	0.0377860497974285
-0.431500000000000	0.0378532516647652
-0.431000000000000	0.0379210810254258
-0.430500000000000	0.0379895411306262
-0.430000000000000	0.0380586352664558
-0.429500000000000	0.0381283667541486
-0.429000000000000	0.0381987389503688
-0.428500000000000	0.0382697552474917
-0.428000000000000	0.0383414190738918
-0.427500000000000	0.0384137338942359
-0.427000000000000	0.0384867032097740
-0.426500000000000	0.0385603305586391
-0.426000000000000	0.0386346195161476
-0.425500000000000	0.0387095736951047
-0.425000000000000	0.0387851967461116
-0.424500000000000	0.0388614923578794
-0.424000000000000	0.0389384642575421
-0.423500000000000	0.0390161162109783
-0.423000000000000	0.0390944520231312
-0.422500000000000	0.0391734755383379
-0.422000000000000	0.0392531906406592
-0.421500000000000	0.0393336012542139
-0.421000000000000	0.0394147113435157
-0.420500000000000	0.0394965249138168
-0.420000000000000	0.0395790460114538
-0.419500000000000	0.0396622787241958
-0.419000000000000	0.0397462271816004
-0.418500000000000	0.0398308955553726
-0.418000000000000	0.0399162880597238
-0.417500000000000	0.0400024089517403
-0.417000000000000	0.0400892625317535
-0.416500000000000	0.0401768531437143
-0.416000000000000	0.0402651851755726
-0.415500000000000	0.0403542630596603
-0.415000000000000	0.0404440912730793
-0.414500000000000	0.0405346743266558
-0.414000000000000	0.0406260168117618
-0.413500000000000	0.0407181233300302
-0.413000000000000	0.0408109985416086
-0.412500000000000	0.0409046471534220
-0.412000000000000	0.0409990739195830
-0.411500000000000	0.0410942836418160
-0.411000000000000	0.0411902811698786
-0.410500000000000	0.0412870714019924
-0.410000000000000	0.0413846592852745
-0.409500000000000	0.0414830498161804
-0.409000000000000	0.0415822480409439
-0.408500000000000	0.0416822590560274
-0.408000000000000	0.0417830880085764
-0.407500000000000	0.0418847400968778
-0.407000000000000	0.0419872205708233
-0.406500000000000	0.0420905347323802
-0.406000000000000	0.0421946879360649
-0.405500000000000	0.0422996855894232
-0.405000000000000	0.0424055331535158
-0.404500000000000	0.0425122361434080
-0.404000000000000	0.0426198001286672
-0.403500000000000	0.0427282307338652
-0.403000000000000	0.0428375336390823
-0.402500000000000	0.0429477145804240
-0.402000000000000	0.0430587793505390
-0.401500000000000	0.0431707337991417
-0.401000000000000	0.0432835838335453
-0.400500000000000	0.0433973354191959
-0.400000000000000	0.0435119945802175
-0.399500000000000	0.0436275673999573
-0.399000000000000	0.0437440600215426
-0.398500000000000	0.0438614786484398
-0.398000000000000	0.0439798295450233
-0.397500000000000	0.0440991190371460
-0.397000000000000	0.0442193535127215
-0.396500000000000	0.0443405394223088
-0.396000000000000	0.0444626832797050
-0.395500000000000	0.0445857916625445
-0.395000000000000	0.0447098712129047
-0.394500000000000	0.0448349286379184
-0.394000000000000	0.0449609707103942
-0.393500000000000	0.0450880042694412
-0.393000000000000	0.0452160362211021
-0.392500000000000	0.0453450735389955
-0.392000000000000	0.0454751232720518
-0.391500000000000	0.0456061925162827
-0.391000000000000	0.0457382884595889
-0.390500000000000	0.0458714183524276
-0.390000000000000	0.0460055895161398
-0.389500000000000	0.0461408093436333
-0.389000000000000	0.0462770853000739
-0.388500000000000	0.0464144249235861
-0.388000000000000	0.0465528358259570
-0.387500000000000	0.0466923256933538
-0.387000000000000	0.0468329022870457
-0.386500000000000	0.0469745734441329
-0.386000000000000	0.0471173470782867
-0.385500000000000	0.0472612311804955
-0.385000000000000	0.0474062338198207
-0.384500000000000	0.0475523631441580
-0.384000000000000	0.0476996273810122
-0.383500000000000	0.0478480348382742
-0.383000000000000	0.0479975939050117
-0.382500000000000	0.0481483130522677
-0.382000000000000	0.0483002008338638
-0.381500000000000	0.0484532658872182
-0.381000000000000	0.0486075169341686
-0.380500000000000	0.0487629627818065
-0.380000000000000	0.0489196123233181
-0.379500000000000	0.0490774745388371
-0.379000000000000	0.0492365584963068
-0.378500000000000	0.0493968733523485
-0.378000000000000	0.0495584283531435
-0.377500000000000	0.0497212328353215
-0.377000000000000	0.0498852962268624
-0.376500000000000	0.0500506280480036
-0.376000000000000	0.0502172379121608
-0.375500000000000	0.0503851355268574
-0.375000000000000	0.0505543306946646
-0.374500000000000	0.0507248333141514
-0.374000000000000	0.0508966533808455
-0.373500000000000	0.0510698009882038
-0.373000000000000	0.0512442863238233
-0.372500000000000	0.0514201196899287
-0.372000000000000	0.0515973114744887
-0.371500000000000	0.0517758721726093
-0.371000000000000	0.0519558123823443
-0.370500000000000	0.0521371428057327
-0.370000000000000	0.0523198742498462
-0.369500000000000	0.0525040176278497
-0.369000000000000	0.0526895839600733
-0.368500000000000	0.0528765843750942
-0.368000000000000	0.0530650301108322
-0.367500000000000	0.0532549325156575
-0.367000000000000	0.0534463030495086
-0.366500000000000	0.0536391532850247
-0.366000000000000	0.0538334949086889
-0.365500000000000	0.0540293397219849
-0.365000000000000	0.0542266996425662
-0.364500000000000	0.0544255867054367
-0.364000000000000	0.0546260130641465
-0.363500000000000	0.0548279909919988
-0.363000000000000	0.0550315328832717
-0.362500000000000	0.0552366512544513
-0.362000000000000	0.0554433587454804
-0.361500000000000	0.0556516681210190
-0.361000000000000	0.0558615922717207
-0.360500000000000	0.0560731442155195
-0.360000000000000	0.0562863370989350
-0.359500000000000	0.0565011841983885
-0.359000000000000	0.0567176989215349
-0.358500000000000	0.0569358948086086
-0.358000000000000	0.0571557855337844
-0.357500000000000	0.0573773849065539
-0.357000000000000	0.0576007068731140
-0.356500000000000	0.0578257655177746
-0.356000000000000	0.0580525750643783
-0.355500000000000	0.0582811498777376
-0.355000000000000	0.0585115044678777
-0.354500000000000	0.0587436534800666
-0.354000000000000	0.0589776117138887
-0.353500000000000	0.0592133941127110
-0.353000000000000	0.0594510157682885
-0.352500000000000	0.0596904919222988
-0.352000000000000	0.0599318379678887
-0.351500000000000	0.0601750694512422
-0.351000000000000	0.0604202020731618
-0.350500000000000	0.0606672516906699
-0.350000000000000	0.0609162343186243
-0.349500000000000	0.0611671661313543
-0.349000000000000	0.0614200634643128
-0.348500000000000	0.0616749428157455
-0.348000000000000	0.0619318208483804
-0.347500000000000	0.0621907143911338
-0.347000000000000	0.0624516404408351
-0.346500000000000	0.0627146161639700
-0.346000000000000	0.0629796588984430
-0.345500000000000	0.0632467861553587
-0.345000000000000	0.0635160156208217
-0.344500000000000	0.0637873651577562
-0.344000000000000	0.0640608528077463
-0.343500000000000	0.0643364967928931
-0.343000000000000	0.0646143155176953
-0.342500000000000	0.0648943275709473
-0.342000000000000	0.0651765517276589
-0.341500000000000	0.0654610069509951
-0.341000000000000	0.0657477123942371
-0.340500000000000	0.0660366874027634
-0.340000000000000	0.0663279515160531
-0.339500000000000	0.0666215244697097
-0.339000000000000	0.0669174261975071
-0.338500000000000	0.0672156768317500
-0.338000000000000	0.0675162967123802
-0.337500000000000	0.0678193063782624
-0.337000000000000	0.0681247265767508
-0.336500000000000	0.0684325782639309
-0.336000000000000	0.0687428826067977
-0.335500000000000	0.0690556609854604
-0.335000000000000	0.0693709349953673
-0.334500000000000	0.0696887264495568
-0.334000000000000	0.0700090573809303
-0.333500000000000	0.0703319500445501
-0.333000000000000	0.0706574269199619
-0.332500000000000	0.0709855107135410
-0.332000000000000	0.0713162243608629
-0.331500000000000	0.0716495910291005
-0.331000000000000	0.0719856341194442
-0.330500000000000	0.0723243772695501
-0.330000000000000	0.0726658443560113
-0.329500000000000	0.0730100594968569
-0.329000000000000	0.0733570470540762
-0.328500000000000	0.0737068316361699
-0.328000000000000	0.0740594381007273
-0.327500000000000	0.0744148915570313
-0.327000000000000	0.0747732173686895
-0.326500000000000	0.0751344411562935
-0.326000000000000	0.0754985888001055
-0.325500000000000	0.0758656864427731
-0.325000000000000	0.0762357604920713
-0.324500000000000	0.0766088376236745
-0.324000000000000	0.0769849447839558
-0.323500000000000	0.0773641091928155
-0.323000000000000	0.0777463583465397
-0.322500000000000	0.0781317200216098
-0.322000000000000	0.0785202222738138
-0.321500000000000	0.0789118934470879
-0.321000000000000	0.0793067621724298
-0.320500000000000	0.0797048573719592
-0.320000000000000	0.0801062082619560
-0.319500000000000	0.0805108443559300
-0.319000000000000	0.0809187954677221
-0.318500000000000	0.0813300917146358
-0.318000000000000	0.0817447635206022
-0.317500000000000	0.0821628416193764
-0.317000000000000	0.0825843570577655
-0.316500000000000	0.0830093411988904
-0.316000000000000	0.0834378257254806
-0.315500000000000	0.0838698426432006
-0.315000000000000	0.0843054242840120
-0.314500000000000	0.0847446033095674
-0.314000000000000	0.0851874127146401
-0.313500000000000	0.0856338858305856
-0.313000000000000	0.0860840563288413
-0.312500000000000	0.0865379582244575
-0.312000000000000	0.0869956258796657
-0.311500000000000	0.0874570940074814
-0.311000000000000	0.0879223976753432
-0.310500000000000	0.0883915723087874
-0.310000000000000	0.0888646536951587
-0.309500000000000	0.0893416779873587
-0.309000000000000	0.0898226817076289
-0.308500000000000	0.0903077017513733
-0.308000000000000	0.0907967753910166
-0.307500000000000	0.0912899402799010
-0.307000000000000	0.0917872344557919
-0.306500000000000	0.0922886963466263
-0.306000000000000	0.0927943647717595
-0.305500000000000	0.0933042789479318
-0.305000000000000	0.0938184784928574
-0.304500000000000	0.0943370034293532
-0.304000000000000	0.0948598941895061
-0.303500000000000	0.0953871916188811
-0.303000000000000	0.0959189369807685
-0.302500000000000	0.0964551719604729
-0.302000000000000	0.0969959386696414
-0.301500000000000	0.0975412796506343
-0.301000000000000	0.0980912378809353
-0.300500000000000	0.0986458567776049
-0.300000000000000	0.0992051802017738
-0.299500000000000	0.0997692524631804
-0.299000000000000	0.100338118324748
-0.298500000000000	0.100911823007209
-0.298000000000000	0.101490412193763
-0.297500000000000	0.102073932034790
-0.297000000000000	0.102662429152599
-0.296500000000000	0.103255950646220
-0.296000000000000	0.103854544096242
-0.295500000000000	0.104458257569696
-0.295000000000000	0.105067139624984
-0.294500000000000	0.105681239316841
-0.294000000000000	0.106300606201361
-0.293500000000000	0.106925290341048
-0.293000000000000	0.107555342309929
-0.292500000000000	0.108190813198884
-0.292000000000000	0.108831754620077
-0.291500000000000	0.109478218713405
-0.291000000000000	0.110130258150941
-0.290500000000000	0.110787926142494
-0.290000000000000	0.111451276440987
-0.289500000000000	0.112120363347892
-0.289000000000000	0.112795241718698
-0.288500000000000	0.113475966968438
-0.288000000000000	0.114162595077259
-0.287500000000000	0.114855182596036
-0.287000000000000	0.115553786652040
-0.286500000000000	0.116258464954653
-0.286000000000000	0.116969275801123
-0.285500000000000	0.117686278082377
-0.285000000000000	0.118409531288880
-0.284500000000000	0.119139095516535
-0.284000000000000	0.119875031472646
-0.283500000000000	0.120617400481912
-0.283000000000000	0.121366264492488
-0.282500000000000	0.122121686082079
-0.282000000000000	0.122883728464094
-0.281500000000000	0.123652455493844
-0.281000000000000	0.124427931674793
-0.280500000000000	0.125210222164852
-0.280000000000000	0.125999392782730
-0.279500000000000	0.126795510014328
-0.279000000000000	0.127598641019128
-0.278500000000000	0.128408853636945
-0.278000000000000	0.129226216394062
-0.277500000000000	0.130050798510117
-0.277000000000000	0.130882669904670
-0.276500000000000	0.131721901203899
-0.276000000000000	0.132568563747343
-0.275500000000000	0.133422729594695
-0.275000000000000	0.134284471532650
-0.274500000000000	0.135153863081792
-0.274000000000000	0.136030978503541
-0.273500000000000	0.136915892807145
-0.273000000000000	0.137808681756720
-0.272500000000000	0.138709421878339
-0.272000000000000	0.139618190467176
-0.271500000000000	0.140535065594693
-0.271000000000000	0.141460126115876
-0.270500000000000	0.142393451676523
-0.270000000000000	0.143335122720580
-0.269500000000000	0.144285220497521
-0.269000000000000	0.145243827069785
-0.268500000000000	0.146211025320248
-0.268000000000000	0.147186898959755
-0.267500000000000	0.148171532534695
-0.267000000000000	0.149165011434632
-0.266500000000000	0.150167421899919
-0.266000000000000	0.151178851029505
-0.265500000000000	0.152199386788630
-0.265000000000000	0.153229118016648
-0.264500000000000	0.154268134434881
-0.264000000000000	0.155316526654517
-0.263500000000000	0.156374386184551
-0.263000000000000	0.157441805439773
-0.262500000000000	0.158518877748796
-0.262000000000000	0.159605697362131
-0.261500000000000	0.160702359460303
-0.261000000000000	0.161808960162009
-0.260500000000000	0.162925596532320
-0.260000000000000	0.164052366590918
-0.259500000000000	0.165189369320382
-0.259000000000000	0.166336704674507
-0.258500000000000	0.167494473586667
-0.258000000000000	0.168662777978211
-0.257500000000000	0.169841720766901
-0.257000000000000	0.171031405875392
-0.256500000000000	0.172231938239731
-0.256000000000000	0.173443423817912
-0.255500000000000	0.174665969598453
-0.255000000000000	0.175899683609010
-0.254500000000000	0.177144674925025
-0.254000000000000	0.178401053678404
-0.253500000000000	0.179668931066227
-0.253000000000000	0.180948419359488
-0.252500000000000	0.182239631911865
-0.252000000000000	0.183542683168514
-0.251500000000000	0.184857688674894
-0.251000000000000	0.186184765085618
-0.250500000000000	0.187524030173321
-0.250000000000000	0.188875602837562
-0.249500000000000	0.190239603113742
-0.249000000000000	0.191616152182041
-0.248500000000000	0.193005372376376
-0.248000000000000	0.194407387193382
-0.247500000000000	0.195822321301403
-0.247000000000000	0.197250300549498
-0.246500000000000	0.198691451976470
-0.246000000000000	0.200145903819889
-0.245500000000000	0.201613785525149
-0.245000000000000	0.203095227754513
-0.244500000000000	0.204590362396175
-0.244000000000000	0.206099322573329
-0.243500000000000	0.207622242653238
-0.243000000000000	0.209159258256301
-0.242500000000000	0.210710506265132
-0.242000000000000	0.212276124833626
-0.241500000000000	0.213856253396020
-0.241000000000000	0.215451032675962
-0.240500000000000	0.217060604695557
-0.240000000000000	0.218685112784411
-0.239500000000000	0.220324701588659
-0.239000000000000	0.221979517079979
-0.238500000000000	0.223649706564593
-0.238000000000000	0.225335418692245
-0.237500000000000	0.227036803465155
-0.237000000000000	0.228754012246957
-0.236500000000000	0.230487197771602
-0.236000000000000	0.232236514152237
-0.235500000000000	0.234002116890049
-0.235000000000000	0.235784162883077
-0.234500000000000	0.237582810434989
-0.234000000000000	0.239398219263808
-0.233500000000000	0.241230550510610
-0.233000000000000	0.243079966748163
-0.232500000000000	0.244946631989507
-0.232000000000000	0.246830711696566
-0.231500000000000	0.248732372788539
-0.231000000000000	0.250651783650389
-0.230500000000000	0.252589114141198
-0.230000000000000	0.254544535602467
-0.229500000000000	0.256518220866353
-0.229000000000000	0.258510344263830
-0.228500000000000	0.260521081632769
-0.228000000000000	0.262550610325955
-0.227500000000000	0.264599109218999
-0.227000000000000	0.266666758718182
-0.226500000000000	0.268753740768196
-0.226000000000000	0.270860238859798
-0.225500000000000	0.272986438037355
-0.225000000000000	0.275132524906301
-0.224500000000000	0.277298687640470
-0.224000000000000	0.279485115989332
-0.223500000000000	0.281692001285101
-0.223000000000000	0.283919536449733
-0.222500000000000	0.286167916001792
-0.222000000000000	0.288437336063187
-0.221500000000000	0.290727994365780
-0.221000000000000	0.293040090257850
-0.220500000000000	0.295373824710494
-0.220000000000000	0.297729400323501
-0.219500000000000	0.300107021331793
-0.219000000000000	0.302506893611019
-0.218500000000000	0.304929224683313
-0.218000000000000	0.307374223722817
-0.217500000000000	0.309842101561039
-0.217000000000000	0.312333070692014
-0.216500000000000	0.314847345277296
-0.216000000000000	0.317385141150745
-0.215500000000000	0.319946675823124
-0.215000000000000	0.322532168486490
-0.214500000000000	0.325141840018374
-0.214000000000000	0.327775912985749
-0.213500000000000	0.330434611648775
-0.213000000000000	0.333118161964315
-0.212500000000000	0.335826791589217
-0.212000000000000	0.338560729883355
-0.211500000000000	0.341320207912427
-0.211000000000000	0.344105458450492
-0.210500000000000	0.346916715982255
-0.210000000000000	0.349754216705072
-0.209500000000000	0.352618198530698
-0.209000000000000	0.355508901086736
-0.208500000000000	0.358426565717813
-0.208000000000000	0.361371435486446
-0.207500000000000	0.364343755173617
-0.207000000000000	0.367343771278810
-0.206500000000000	0.370371732020795
-0.206000000000000	0.373427887336037
-0.205500000000000	0.376512488878751
-0.205000000000000	0.379625790019659
-0.204500000000000	0.382768045844582
-0.204000000000000	0.385939513152677
-0.203500000000000	0.389140450454306
-0.203000000000000	0.392371117968540
-0.202500000000000	0.395631777620269
-0.202000000000000	0.398922693036931
-0.201500000000000	0.402244129544842
-0.201000000000000	0.405596354165117
-0.200500000000000	0.408979635609174
-0.200000000000000	0.412394244273816
-0.199500000000000	0.415840452235882
-0.199000000000000	0.419318533246452
-0.198500000000000	0.422828762724600
-0.198000000000000	0.426371417750692
-0.197500000000000	0.429946777059210
-0.197000000000000	0.433555121031100
-0.196500000000000	0.437196731685628
-0.196000000000000	0.440871892671745
-0.195500000000000	0.444580889258937
-0.195000000000000	0.448324008327565
-0.194500000000000	0.452101538358674
-0.194000000000000	0.455913769423267
-0.193500000000000	0.459760993171035
-0.193000000000000	0.463643502818529
-0.192500000000000	0.467561593137264
-0.192000000000000	0.471515560438833
-0.191500000000000	0.475505702564115
-0.191000000000000	0.479532318867346
-0.190500000000000	0.483595710201789
-0.190000000000000	0.487696178904355
-0.189500000000000	0.491834028779598
-0.189000000000000	0.496009565083074
-0.188500000000000	0.500223094504048
-0.188000000000000	0.504474925147544
-0.187500000000000	0.508765366515724
-0.187000000000000	0.513094729488587
-0.186500000000000	0.517463326303976
-0.186000000000000	0.521871470536885
-0.185500000000000	0.526319477078048
-0.185000000000000	0.530807662111815
-0.184500000000000	0.535336343093278
-0.184000000000000	0.539905838724666
-0.183500000000000	0.544516468930976
-0.183000000000000	0.549168554834836
-0.182500000000000	0.553862418730595
-0.182000000000000	0.558598384057620
-0.181500000000000	0.563376775372791
-0.181000000000000	0.568197918322189
-0.180500000000000	0.573062139611962
-0.180000000000000	0.577969766978352
-0.179500000000000	0.582921129156881
-0.179000000000000	0.587916555850685
-0.178500000000000	0.592956377697980
-0.178000000000000	0.598040926238645
-0.177500000000000	0.603170533879927
-0.177000000000000	0.608345533860187
-0.176500000000000	0.613566260216854
-0.176000000000000	0.618833047743509
-0.175500000000000	0.624146231955721
-0.175000000000000	0.629506149051228
-0.174500000000000	0.634913135870084
-0.174000000000000	0.640367529853837
-0.173500000000000	0.645869669003744
-0.173000000000000	0.651419891837989
-0.172500000000000	0.657018537347925
-0.172000000000000	0.662665944953288
-0.171500000000000	0.668362454456421
-0.171000000000000	0.674108405995456
-0.170500000000000	0.679904139996470
-0.170000000000000	0.685749997124591
-0.169500000000000	0.691646318234059
-0.169000000000000	0.697593444317213
-0.168500000000000	0.703591716452416
-0.168000000000000	0.709641475750887
-0.167500000000000	0.715743063302456
-0.167000000000000	0.721896820120201
-0.166500000000000	0.728103087083995
-0.166000000000000	0.734362204882924
-0.165500000000000	0.740674513956583
-0.165000000000000	0.747040354435237
-0.164500000000000	0.753460066078846
-0.164000000000000	0.759933988214932
-0.163500000000000	0.766462459675297
-0.163000000000000	0.773045818731571
-0.162500000000000	0.779684403029596
-0.162000000000000	0.786378549522624
-0.161500000000000	0.793128594403334
-0.161000000000000	0.799934873036579
-0.160500000000000	0.806797719881579
-0.160000000000000	0.813717468431181
-0.159500000000000	0.820694451132057
-0.159000000000000	0.827728999312419
-0.158500000000000	0.834821443106816
-0.158000000000000	0.841972111379695
-0.157500000000000	0.849181331647745
-0.157000000000000	0.856449430001013
-0.156500000000000	0.863776731022780
-0.156000000000000	0.871163557708205
-0.155500000000000	0.878610231381733
-0.155000000000000	0.886117071613252
-0.154500000000000	0.893684396133022
-0.154000000000000	0.901312520745345
-0.153500000000000	0.909001759241000
-0.153000000000000	0.916752423308427
-0.152500000000000	0.924564822443667
-0.152000000000000	0.932439263859056
-0.151500000000000	0.940376052390673
-0.151000000000000	0.948375490404546
-0.150500000000000	0.956437877701618
-0.150000000000000	0.964563511421466
-0.149500000000000	0.972752685944788
-0.149000000000000	0.981005692794664
-0.148500000000000	0.989322820536569
-0.148000000000000	0.997704354677178
-0.147500000000000	1.00615057756194
-0.147000000000000	1.01466176827145
-0.146500000000000	1.02323820251657
-0.146000000000000	1.03188015253243
-0.145500000000000	1.04058788697115
-0.145000000000000	1.04936167079340
-0.144500000000000	1.05820176515573
-0.144000000000000	1.06710842731179
-0.143500000000000	1.07608191048283
-0.143000000000000	1.08512246375602
-0.142500000000000	1.09423033196743
-0.142000000000000	1.10340575558670
-0.141500000000000	1.11264897060053
-0.141000000000000	1.12196020839515
-0.140500000000000	1.13133969563760
-0.140000000000000	1.14078765415604
-0.139500000000000	1.15030430081895
-0.139000000000000	1.15988984741327
-0.138500000000000	1.16954450052154
-0.138000000000000	1.17926846139808
-0.137500000000000	1.18906192584403
-0.137000000000000	1.19892508408162
-0.136500000000000	1.20885812062730
-0.136000000000000	1.21886121416410
-0.135500000000000	1.22893453741293
-0.135000000000000	1.23907825700310
-0.134500000000000	1.24929253334197
-0.134000000000000	1.25957752048366
-0.133500000000000	1.26993336599707
-0.133000000000000	1.28036021083301
-0.132500000000000	1.29085818919064
-0.132000000000000	1.30142742838312
-0.131500000000000	1.31206804870254
-0.131000000000000	1.32278016328423
-0.130500000000000	1.33356387797036
-0.130000000000000	1.34441929117296
-0.129500000000000	1.35534649373631
-0.129000000000000	1.36634556879876
-0.128500000000000	1.37741659165413
-0.128000000000000	1.38855962961247
-0.127500000000000	1.39977474186047
-0.127000000000000	1.41106197932141
-0.126500000000000	1.42242138451995
-0.126000000000000	1.43385299142096
-0.125500000000000	1.44535682531831
-0.125000000000000	1.45693290267405
-0.124500000000000	1.46858123098160
-0.124000000000000	1.48030180862393
-0.123500000000000	1.49209462473168
-0.123000000000000	1.50395965904112
-0.122500000000000	1.51589688175209
-0.122000000000000	1.52790625338584
-0.121500000000000	1.53998772464305
-0.121000000000000	1.55214123626174
-0.120500000000000	1.56436671887548
-0.120000000000000	1.57666409287164
-0.119500000000000	1.58903326824993
-0.119000000000000	1.60147414448121
-0.118500000000000	1.61398661036655
-0.118000000000000	1.62657054389679
-0.117500000000000	1.63922581211237
-0.117000000000000	1.65195227096378
-0.116500000000000	1.66474976517244
-0.116000000000000	1.67761812809222
-0.115500000000000	1.69055718157161
-0.115000000000000	1.70356673581651
-0.114500000000000	1.71664658925388
-0.114000000000000	1.72979652839614
-0.113500000000000	1.74301632770644
-0.113000000000000	1.75630574946492
-0.112500000000000	1.76966454363588
-0.112000000000000	1.78309244773604
-0.111500000000000	1.79658918670395
-0.111000000000000	1.81015447277053
-0.110500000000000	1.82378800533085
-0.110000000000000	1.83748947081722
-0.109500000000000	1.85125854257367
-0.109000000000000	1.86509488073183
-0.108500000000000	1.87899813208834
-0.108000000000000	1.89296792998375
-0.107500000000000	1.90700389417551
-0.107000000000000	1.92110563075021
-0.106500000000000	1.93527273196348
-0.106000000000000	1.94950477615477
-0.105500000000000	1.96380132762798
-0.105000000000000	1.97816193654125
-0.104500000000000	1.99258613879871
-0.104000000000000	2.00707345594435
-0.103500000000000	2.02162339505811
-0.103000000000000	2.03623544865417
-0.102500000000000	2.05090909458158
-0.102000000000000	2.06564379592724
-0.101500000000000	2.08043900092144
-0.101000000000000	2.09529414284578
-0.100500000000000	2.11020863994382
-0.0999999999999996	2.12518189533435
-0.0994999999999996	2.14021329692741
-0.0989999999999996	2.15530221734309
-0.0984999999999996	2.17044801383329
-0.0979999999999996	2.18565002820641
-0.0974999999999996	2.20090758675499
-0.0969999999999996	2.21622000018662
-0.0964999999999996	2.23158656355783
-0.0959999999999996	2.24700655621138
-0.0954999999999996	2.26247924171679
-0.0949999999999996	2.27800386781425
-0.0944999999999996	2.29357966636202
-0.0939999999999996	2.30920585328732
-0.0934999999999996	2.32488162854087
-0.0929999999999996	2.34060617605503
-0.0924999999999996	2.35637866370569
-0.0919999999999996	2.37219824327802
-0.0914999999999996	2.38806405043601
-0.0909999999999996	2.40397520469599
-0.0904999999999996	2.41993080940413
-0.0899999999999996	2.43592995171804
-0.0894999999999996	2.45197170259248
-0.0889999999999996	2.46805511676929
-0.0884999999999996	2.48417923277154
-0.0879999999999996	2.50034307290205
-0.0874999999999996	2.51654564324629
-0.0869999999999996	2.53278593367970
-0.0864999999999996	2.54906291787953
-0.0859999999999996	2.56537555334129
-0.0854999999999996	2.58172278139977
-0.0849999999999996	2.59810352726688
-0.0844999999999996	2.61451670001431
-0.0839999999999996	2.63096119267944
-0.0834999999999996	2.64743588225899
-0.0829999999999996	2.66393962976549
-0.0824999999999996	2.68047128027717
-0.0819999999999996	2.69702966299294
-0.0814999999999996	2.71361359129232
-0.0809999999999996	2.73022186280054
-0.0804999999999996	2.74685325945871
-0.0799999999999996	2.76350654759924
-0.0794999999999996	2.78018047802638
-0.0789999999999996	2.79687378610211
-0.0784999999999996	2.81358519183725
-0.0779999999999996	2.83031339998801
-0.0774999999999996	2.84705710015773
-0.0769999999999996	2.86381496690423
-0.0764999999999996	2.88058565985239
-0.0759999999999996	2.89736782381234
-0.0754999999999996	2.91416008890305
-0.0749999999999996	2.93096107068145
-0.0744999999999996	2.94776937027708
-0.0739999999999996	2.96458357453228
-0.0734999999999996	2.98140225614802
-0.0729999999999996	2.99822397383515
-0.0724999999999996	3.01504727247147
-0.0719999999999996	3.03187068326422
-0.0714999999999996	3.04869272391828
-0.0709999999999996	3.06551189881000
-0.0704999999999996	3.08232669916661
-0.0699999999999996	3.09913560325132
-0.0694999999999996	3.11593707655404
-0.0689999999999996	3.13272957198764
-0.0684999999999996	3.14951153009000
-0.0679999999999996	3.16628137923152
-0.0674999999999996	3.18303753582833
-0.0669999999999996	3.19977840456103
-0.0664999999999996	3.21650237859909
-0.0659999999999996	3.23320783983068
-0.0654999999999996	3.24989315909817
-0.0649999999999996	3.26655669643905
-0.0644999999999996	3.28319680133238
-0.0639999999999996	3.29981181295067
-0.0634999999999996	3.31640006041723
-0.0629999999999996	3.33295986306884
-0.0624999999999996	3.34948953072384
-0.0619999999999996	3.36598736395549
-0.0614999999999996	3.38245165437061
-0.0609999999999996	3.39888068489346
-0.0604999999999996	3.41527273005473
-0.0599999999999996	3.43162605628578
-0.0594999999999996	3.44793892221778
-0.0589999999999996	3.46420957898603
-0.0584999999999996	3.48043627053907
-0.0579999999999996	3.49661723395280
-0.0574999999999996	3.51275069974938
-0.0569999999999996	3.52883489222083
-0.0564999999999996	3.54486802973919
-0.0559999999999996	3.56084832516156
-0.0554999999999996	3.57677398606048
-0.0549999999999996	3.59264321513649
-0.0544999999999996	3.60845421054694
-0.0539999999999996	3.62420516625656
-0.0534999999999996	3.63989427239218
-0.0529999999999996	3.65551971560160
-0.0524999999999996	3.67107967941643
-0.0519999999999996	3.68657234461890
-0.0514999999999996	3.70199588961239
-0.0509999999999996	3.71734849079575
-0.0504999999999996	3.73262832294121
-0.0499999999999996	3.74783355957573
-0.0494999999999996	3.76296237336581
-0.0489999999999996	3.77801293650556
-0.0484999999999996	3.79298342110789
-0.0479999999999996	3.80787199959880
-0.0474999999999996	3.82267684511455
-0.0469999999999996	3.83739613190168
-0.0464999999999996	3.85202803571964
-0.0459999999999996	3.86657073424607
-0.0454999999999996	3.88102240748439
-0.0449999999999996	3.89538123817380
-0.0444999999999996	3.90964541220134
-0.0439999999999996	3.92381311901603
-0.0434999999999996	3.93788255204490
-0.0429999999999996	3.95185190911072
-0.0424999999999996	3.96571939285143
-0.0419999999999996	3.97948321114091
-0.0414999999999996	3.99314157751119
-0.0409999999999996	4.00669271157577
-0.0404999999999996	4.02013483945396
-0.0399999999999996	4.03346619419616
-0.0394999999999996	4.04668501620977
-0.0389999999999996	4.05978955368578
-0.0384999999999996	4.07277806302569
-0.0379999999999996	4.08564880926876
-0.0374999999999996	4.09840006651930
-0.0369999999999996	4.11103011837401
-0.0364999999999996	4.12353725834900
-0.0359999999999996	4.13591979030653
-0.0354999999999996	4.14817602888120
-0.0349999999999996	4.16030429990537
-0.0344999999999996	4.17230294083391
-0.0339999999999996	4.18417030116773
-0.0334999999999996	4.19590474287628
-0.0329999999999996	4.20750464081865
-0.0324999999999996	4.21896838316318
-0.0319999999999996	4.23029437180538
-0.0314999999999996	4.24148102278403
-0.0309999999999996	4.25252676669533
-0.0304999999999996	4.26343004910475
-0.0299999999999996	4.27418933095674
-0.0294999999999996	4.28480308898179
-0.0289999999999996	4.29526981610088
-0.0284999999999996	4.30558802182716
-0.0279999999999996	4.31575623266459
-0.0274999999999996	4.32577299250340
-0.0269999999999996	4.33563686301233
-0.0264999999999996	4.34534642402733
-0.0259999999999996	4.35490027393665
-0.0254999999999996	4.36429703006210
-0.0249999999999996	4.37353532903638
-0.0244999999999996	4.38261382717634
-0.0239999999999996	4.39153120085188
-0.0234999999999996	4.40028614685047
-0.0229999999999996	4.40887738273711
-0.0224999999999996	4.41730364720952
-0.0219999999999996	4.42556370044842
-0.0214999999999996	4.43365632446287
-0.0209999999999996	4.44158032343029
-0.0204999999999996	4.44933452403127
-0.0199999999999996	4.45691777577882
-0.0194999999999996	4.46432895134203
-0.0189999999999996	4.47156694686398
-0.0184999999999996	4.47863068227373
-0.0179999999999996	4.48551910159226
-0.0174999999999996	4.49223117323230
-0.0169999999999996	4.49876589029177
-0.0164999999999996	4.50512227084085
-0.0159999999999996	4.51129935820248
-0.0154999999999996	4.51729622122616
-0.0149999999999996	4.52311195455495
-0.0144999999999996	4.52874567888555
-0.0139999999999996	4.53419654122134
-0.0134999999999996	4.53946371511825
-0.0129999999999996	4.54454640092340
-0.0124999999999996	4.54944382600634
-0.0119999999999996	4.55415524498280
-0.0114999999999996	4.55867993993093
-0.0109999999999996	4.56301722059979
-0.0104999999999996	4.56716642461012
-0.00999999999999957	4.57112691764724
-0.00949999999999956	4.57489809364600
-0.00899999999999956	4.57847937496770
-0.00849999999999956	4.58187021256888
-0.00799999999999956	4.58507008616200
-0.00749999999999956	4.58807850436775
-0.00699999999999956	4.59089500485912
-0.00649999999999956	4.59351915449702
-0.00599999999999956	4.59595054945747
-0.00549999999999956	4.59818881535026
-0.00499999999999956	4.60023360732905
-0.00449999999999956	4.60208461019286
-0.00399999999999956	4.60374153847883
-0.00349999999999956	4.60520413654639
-0.00299999999999956	4.60647217865255
-0.00249999999999956	4.60754546901849
-0.00199999999999956	4.60842384188732
-0.00149999999999956	4.60910716157298
-0.000999999999999559	4.60959532250031
-0.000499999999999559	4.60988824923619
4.40619762898109e-16	4.60998589651184
0.000500000000000441	4.60988824923619
0.00100000000000044	4.60959532250031
0.00150000000000044	4.60910716157298
0.00200000000000044	4.60842384188732
0.00250000000000044	4.60754546901849
0.00300000000000044	4.60647217865255
0.00350000000000044	4.60520413654639
0.00400000000000044	4.60374153847883
0.00450000000000044	4.60208461019286
0.00500000000000044	4.60023360732905
0.00550000000000044	4.59818881535026
0.00600000000000044	4.59595054945747
0.00650000000000044	4.59351915449702
0.00700000000000044	4.59089500485911
0.00750000000000044	4.58807850436774
0.00800000000000044	4.58507008616199
0.00850000000000045	4.58187021256887
0.00900000000000045	4.57847937496769
0.00950000000000045	4.57489809364600
0.0100000000000004	4.57112691764724
0.0105000000000004	4.56716642461011
0.0110000000000004	4.56301722059978
0.0115000000000004	4.55867993993092
0.0120000000000004	4.55415524498279
0.0125000000000004	4.54944382600633
0.0130000000000004	4.54454640092339
0.0135000000000005	4.53946371511824
0.0140000000000005	4.53419654122133
0.0145000000000005	4.52874567888554
0.0150000000000005	4.52311195455494
0.0155000000000005	4.51729622122615
0.0160000000000005	4.51129935820247
0.0165000000000005	4.50512227084084
0.0170000000000005	4.49876589029176
0.0175000000000005	4.49223117323229
0.0180000000000005	4.48551910159225
0.0185000000000005	4.47863068227372
0.0190000000000005	4.47156694686397
0.0195000000000005	4.46432895134202
0.0200000000000005	4.45691777577880
0.0205000000000005	4.44933452403126
0.0210000000000005	4.44158032343028
0.0215000000000005	4.43365632446286
0.0220000000000005	4.42556370044841
0.0225000000000005	4.41730364720950
0.0230000000000005	4.40887738273710
0.0235000000000005	4.40028614685046
0.0240000000000005	4.39153120085186
0.0245000000000005	4.38261382717633
0.0250000000000005	4.37353532903636
0.0255000000000005	4.36429703006208
0.0260000000000005	4.35490027393663
0.0265000000000005	4.34534642402732
0.0270000000000005	4.33563686301231
0.0275000000000005	4.32577299250338
0.0280000000000005	4.31575623266457
0.0285000000000005	4.30558802182715
0.0290000000000005	4.29526981610086
0.0295000000000005	4.28480308898177
0.0300000000000005	4.27418933095672
0.0305000000000005	4.26343004910473
0.0310000000000005	4.25252676669531
0.0315000000000005	4.24148102278401
0.0320000000000005	4.23029437180536
0.0325000000000005	4.21896838316316
0.0330000000000005	4.20750464081863
0.0335000000000005	4.19590474287626
0.0340000000000005	4.18417030116771
0.0345000000000005	4.17230294083389
0.0350000000000005	4.16030429990535
0.0355000000000005	4.14817602888117
0.0360000000000005	4.13591979030651
0.0365000000000005	4.12353725834898
0.0370000000000005	4.11103011837399
0.0375000000000005	4.09840006651928
0.0380000000000005	4.08564880926873
0.0385000000000005	4.07277806302567
0.0390000000000005	4.05978955368576
0.0395000000000005	4.04668501620975
0.0400000000000005	4.03346619419614
0.0405000000000005	4.02013483945394
0.0410000000000005	4.00669271157575
0.0415000000000005	3.99314157751117
0.0420000000000005	3.97948321114089
0.0425000000000005	3.96571939285141
0.0430000000000005	3.95185190911070
0.0435000000000005	3.93788255204487
0.0440000000000005	3.92381311901601
0.0445000000000005	3.90964541220132
0.0450000000000005	3.89538123817378
0.0455000000000005	3.88102240748437
0.0460000000000005	3.86657073424604
0.0465000000000005	3.85202803571961
0.0470000000000005	3.83739613190165
0.0475000000000005	3.82267684511452
0.0480000000000005	3.80787199959877
0.0485000000000005	3.79298342110786
0.0490000000000005	3.77801293650553
0.0495000000000005	3.76296237336578
0.0500000000000005	3.74783355957570
0.0505000000000005	3.73262832294118
0.0510000000000005	3.71734849079572
0.0515000000000005	3.70199588961236
0.0520000000000005	3.68657234461887
0.0525000000000005	3.67107967941640
0.0530000000000005	3.65551971560157
0.0535000000000005	3.63989427239216
0.0540000000000005	3.62420516625653
0.0545000000000005	3.60845421054691
0.0550000000000005	3.59264321513646
0.0555000000000005	3.57677398606045
0.0560000000000005	3.56084832516154
0.0565000000000005	3.54486802973916
0.0570000000000005	3.52883489222080
0.0575000000000005	3.51275069974935
0.0580000000000005	3.49661723395277
0.0585000000000005	3.48043627053904
0.0590000000000005	3.46420957898600
0.0595000000000005	3.44793892221776
0.0600000000000005	3.43162605628575
0.0605000000000005	3.41527273005470
0.0610000000000005	3.39888068489343
0.0615000000000005	3.38245165437059
0.0620000000000005	3.36598736395546
0.0625000000000005	3.34948953072382
0.0630000000000005	3.33295986306882
0.0635000000000005	3.31640006041720
0.0640000000000005	3.29981181295064
0.0645000000000005	3.28319680133235
0.0650000000000005	3.26655669643902
0.0655000000000005	3.24989315909815
0.0660000000000005	3.23320783983066
0.0665000000000005	3.21650237859906
0.0670000000000005	3.19977840456101
0.0675000000000005	3.18303753582830
0.0680000000000005	3.16628137923149
0.0685000000000005	3.14951153008997
0.0690000000000005	3.13272957198761
0.0695000000000005	3.11593707655401
0.0700000000000005	3.09913560325130
0.0705000000000005	3.08232669916658
0.0710000000000005	3.06551189880997
0.0715000000000005	3.04869272391825
0.0720000000000005	3.03187068326419
0.0725000000000005	3.01504727247145
0.0730000000000005	2.99822397383512
0.0735000000000005	2.98140225614799
0.0740000000000005	2.96458357453226
0.0745000000000005	2.94776937027705
0.0750000000000005	2.93096107068142
0.0755000000000005	2.91416008890302
0.0760000000000005	2.89736782381231
0.0765000000000005	2.88058565985236
0.0770000000000005	2.86381496690420
0.0775000000000005	2.84705710015771
0.0780000000000005	2.83031339998798
0.0785000000000005	2.81358519183723
0.0790000000000005	2.79687378610208
0.0795000000000005	2.78018047802635
0.0800000000000005	2.76350654759921
0.0805000000000005	2.74685325945868
0.0810000000000005	2.73022186280051
0.0815000000000005	2.71361359129229
0.0820000000000005	2.69702966299291
0.0825000000000005	2.68047128027714
0.0830000000000005	2.66393962976546
0.0835000000000005	2.64743588225897
0.0840000000000005	2.63096119267941
0.0845000000000005	2.61451670001429
0.0850000000000005	2.59810352726685
0.0855000000000005	2.58172278139974
0.0860000000000005	2.56537555334126
0.0865000000000005	2.54906291787950
0.0870000000000005	2.53278593367967
0.0875000000000005	2.51654564324626
0.0880000000000005	2.50034307290203
0.0885000000000005	2.48417923277151
0.0890000000000005	2.46805511676926
0.0895000000000005	2.45197170259245
0.0900000000000005	2.43592995171801
0.0905000000000005	2.41993080940410
0.0910000000000005	2.40397520469596
0.0915000000000005	2.38806405043599
0.0920000000000005	2.37219824327800
0.0925000000000005	2.35637866370566
0.0930000000000005	2.34060617605500
0.0935000000000005	2.32488162854085
0.0940000000000005	2.30920585328730
0.0945000000000005	2.29357966636199
0.0950000000000005	2.27800386781423
0.0955000000000005	2.26247924171677
0.0960000000000005	2.24700655621135
0.0965000000000005	2.23158656355780
0.0970000000000005	2.21622000018659
0.0975000000000005	2.20090758675497
0.0980000000000005	2.18565002820638
0.0985000000000005	2.17044801383327
0.0990000000000005	2.15530221734306
0.0995000000000005	2.14021329692738
0.100000000000001	2.12518189533433
0.100500000000001	2.11020863994379
0.101000000000001	2.09529414284575
0.101500000000001	2.08043900092141
0.102000000000001	2.06564379592722
0.102500000000001	2.05090909458155
0.103000000000001	2.03623544865414
0.103500000000001	2.02162339505808
0.104000000000001	2.00707345594432
0.104500000000001	1.99258613879868
0.105000000000001	1.97816193654123
0.105500000000001	1.96380132762796
0.106000000000001	1.94950477615474
0.106500000000001	1.93527273196346
0.107000000000001	1.92110563075018
0.107500000000001	1.90700389417548
0.108000000000001	1.89296792998372
0.108500000000001	1.87899813208831
0.109000000000001	1.86509488073181
0.109500000000001	1.85125854257364
0.110000000000001	1.83748947081719
0.110500000000001	1.82378800533082
0.111000000000001	1.81015447277051
0.111500000000001	1.79658918670393
0.112000000000001	1.78309244773601
0.112500000000001	1.76966454363585
0.113000000000001	1.75630574946490
0.113500000000001	1.74301632770642
0.114000000000001	1.72979652839612
0.114500000000001	1.71664658925386
0.115000000000001	1.70356673581649
0.115500000000001	1.69055718157159
0.116000000000001	1.67761812809220
0.116500000000001	1.66474976517242
0.117000000000001	1.65195227096376
0.117500000000001	1.63922581211235
0.118000000000001	1.62657054389677
0.118500000000001	1.61398661036653
0.119000000000001	1.60147414448119
0.119500000000001	1.58903326824991
0.120000000000001	1.57666409287162
0.120500000000001	1.56436671887546
0.121000000000001	1.55214123626172
0.121500000000001	1.53998772464303
0.122000000000001	1.52790625338582
0.122500000000001	1.51589688175207
0.123000000000001	1.50395965904110
0.123500000000001	1.49209462473166
0.124000000000001	1.48030180862391
0.124500000000001	1.46858123098158
0.125000000000001	1.45693290267403
0.125500000000001	1.44535682531829
0.126000000000001	1.43385299142094
0.126500000000001	1.42242138451993
0.127000000000001	1.41106197932139
0.127500000000001	1.39977474186045
0.128000000000001	1.38855962961245
0.128500000000001	1.37741659165411
0.129000000000001	1.36634556879874
0.129500000000001	1.35534649373629
0.130000000000001	1.34441929117295
0.130500000000001	1.33356387797034
0.131000000000001	1.32278016328421
0.131500000000001	1.31206804870252
0.132000000000001	1.30142742838310
0.132500000000001	1.29085818919063
0.133000000000001	1.28036021083299
0.133500000000001	1.26993336599705
0.134000000000001	1.25957752048364
0.134500000000001	1.24929253334195
0.135000000000001	1.23907825700309
0.135500000000001	1.22893453741291
0.136000000000001	1.21886121416408
0.136500000000001	1.20885812062729
0.137000000000001	1.19892508408160
0.137500000000001	1.18906192584401
0.138000000000001	1.17926846139806
0.138500000000001	1.16954450052153
0.139000000000001	1.15988984741325
0.139500000000001	1.15030430081893
0.140000000000001	1.14078765415602
0.140500000000001	1.13133969563758
0.141000000000001	1.12196020839513
0.141500000000001	1.11264897060052
0.142000000000001	1.10340575558668
0.142500000000001	1.09423033196741
0.143000000000001	1.08512246375600
0.143500000000001	1.07608191048282
0.144000000000001	1.06710842731178
0.144500000000001	1.05820176515572
0.145000000000001	1.04936167079339
0.145500000000001	1.04058788697114
0.146000000000001	1.03188015253242
0.146500000000001	1.02323820251656
0.147000000000001	1.01466176827143
0.147500000000001	1.00615057756193
0.148000000000001	0.997704354677163
0.148500000000001	0.989322820536554
0.149000000000001	0.981005692794649
0.149500000000001	0.972752685944774
0.150000000000001	0.964563511421451
0.150500000000001	0.956437877701604
0.151000000000001	0.948375490404532
0.151500000000001	0.940376052390659
0.152000000000001	0.932439263859042
0.152500000000001	0.924564822443654
0.153000000000001	0.916752423308414
0.153500000000001	0.909001759240987
0.154000000000001	0.901312520745332
0.154500000000001	0.893684396133009
0.155000000000001	0.886117071613239
0.155500000000001	0.878610231381720
0.156000000000001	0.871163557708192
0.156500000000001	0.863776731022767
0.157000000000001	0.856449430001001
0.157500000000001	0.849181331647732
0.158000000000001	0.841972111379682
0.158500000000001	0.834821443106804
0.159000000000001	0.827728999312407
0.159500000000001	0.820694451132044
0.160000000000001	0.813717468431169
0.160500000000001	0.806797719881568
0.161000000000001	0.799934873036567
0.161500000000001	0.793128594403322
0.162000000000001	0.786378549522612
0.162500000000001	0.779684403029585
0.163000000000001	0.773045818731560
0.163500000000001	0.766462459675285
0.164000000000001	0.759933988214920
0.164500000000001	0.753460066078835
0.165000000000001	0.747040354435226
0.165500000000001	0.740674513956572
0.166000000000001	0.734362204882914
0.166500000000001	0.728103087083984
0.167000000000001	0.721896820120190
0.167500000000001	0.715743063302444
0.168000000000001	0.709641475750876
0.168500000000001	0.703591716452405
0.169000000000001	0.697593444317203
0.169500000000001	0.691646318234049
0.170000000000001	0.685749997124581
0.170500000000001	0.679904139996460
0.171000000000001	0.674108405995447
0.171500000000001	0.668362454456411
0.172000000000001	0.662665944953278
0.172500000000001	0.657018537347914
0.173000000000001	0.651419891837980
0.173500000000001	0.645869669003734
0.174000000000001	0.640367529853828
0.174500000000001	0.634913135870075
0.175000000000001	0.629506149051219
0.175500000000001	0.624146231955712
0.176000000000001	0.618833047743500
0.176500000000001	0.613566260216846
0.177000000000001	0.608345533860177
0.177500000000001	0.603170533879918
0.178000000000001	0.598040926238636
0.178500000000001	0.592956377697971
0.179000000000001	0.587916555850677
0.179500000000001	0.582921129156872
0.180000000000001	0.577969766978344
0.180500000000001	0.573062139611954
0.181000000000001	0.568197918322181
0.181500000000001	0.563376775372782
0.182000000000001	0.558598384057611
0.182500000000001	0.553862418730587
0.183000000000001	0.549168554834828
0.183500000000001	0.544516468930968
0.184000000000001	0.539905838724658
0.184500000000001	0.535336343093270
0.185000000000001	0.530807662111807
0.185500000000001	0.526319477078040
0.186000000000001	0.521871470536877
0.186500000000001	0.517463326303968
0.187000000000001	0.513094729488580
0.187500000000001	0.508765366515717
0.188000000000001	0.504474925147537
0.188500000000001	0.500223094504041
0.189000000000001	0.496009565083067
0.189500000000001	0.491834028779591
0.190000000000001	0.487696178904348
0.190500000000001	0.483595710201782
0.191000000000001	0.479532318867339
0.191500000000001	0.475505702564108
0.192000000000001	0.471515560438826
0.192500000000001	0.467561593137258
0.193000000000001	0.463643502818523
0.193500000000001	0.459760993171029
0.194000000000001	0.455913769423260
0.194500000000001	0.452101538358667
0.195000000000001	0.448324008327559
0.195500000000001	0.444580889258931
0.196000000000001	0.440871892671739
0.196500000000001	0.437196731685622
0.197000000000001	0.433555121031094
0.197500000000001	0.429946777059204
0.198000000000001	0.426371417750686
0.198500000000001	0.422828762724594
0.199000000000001	0.419318533246446
0.199500000000001	0.415840452235876
0.200000000000001	0.412394244273810
0.200500000000001	0.408979635609168
0.201000000000001	0.405596354165111
0.201500000000001	0.402244129544837
0.202000000000001	0.398922693036925
0.202500000000001	0.395631777620263
0.203000000000001	0.392371117968535
0.203500000000001	0.389140450454301
0.204000000000001	0.385939513152671
0.204500000000001	0.382768045844577
0.205000000000001	0.379625790019654
0.205500000000001	0.376512488878745
0.206000000000001	0.373427887336031
0.206500000000001	0.370371732020789
0.207000000000001	0.367343771278805
0.207500000000001	0.364343755173612
0.208000000000001	0.361371435486441
0.208500000000001	0.358426565717808
0.209000000000001	0.355508901086731
0.209500000000001	0.352618198530693
0.210000000000001	0.349754216705067
0.210500000000001	0.346916715982250
0.211000000000001	0.344105458450488
0.211500000000001	0.341320207912422
0.212000000000001	0.338560729883350
0.212500000000001	0.335826791589212
0.213000000000001	0.333118161964311
0.213500000000001	0.330434611648771
0.214000000000001	0.327775912985744
0.214500000000001	0.325141840018369
0.215000000000001	0.322532168486485
0.215500000000001	0.319946675823120
0.216000000000001	0.317385141150741
0.216500000000001	0.314847345277292
0.217000000000001	0.312333070692010
0.217500000000001	0.309842101561035
0.218000000000001	0.307374223722813
0.218500000000001	0.304929224683309
0.219000000000001	0.302506893611015
0.219500000000001	0.300107021331789
0.220000000000001	0.297729400323497
0.220500000000001	0.295373824710490
0.221000000000001	0.293040090257846
0.221500000000001	0.290727994365776
0.222000000000001	0.288437336063183
0.222500000000001	0.286167916001788
0.223000000000001	0.283919536449730
0.223500000000001	0.281692001285097
0.224000000000001	0.279485115989328
0.224500000000001	0.277298687640466
0.225000000000001	0.275132524906297
0.225500000000001	0.272986438037351
0.226000000000001	0.270860238859794
0.226500000000001	0.268753740768193
0.227000000000001	0.266666758718178
0.227500000000001	0.264599109218995
0.228000000000001	0.262550610325951
0.228500000000001	0.260521081632766
0.229000000000001	0.258510344263826
0.229500000000001	0.256518220866350
0.230000000000001	0.254544535602464
0.230500000000001	0.252589114141194
0.231000000000001	0.250651783650386
0.231500000000001	0.248732372788536
0.232000000000001	0.246830711696563
0.232500000000001	0.244946631989504
0.233000000000001	0.243079966748159
0.233500000000001	0.241230550510606
0.234000000000001	0.239398219263805
0.234500000000001	0.237582810434986
0.235000000000001	0.235784162883074
0.235500000000001	0.234002116890046
0.236000000000001	0.232236514152234
0.236500000000001	0.230487197771599
0.237000000000001	0.228754012246954
0.237500000000001	0.227036803465152
0.238000000000001	0.225335418692242
0.238500000000001	0.223649706564590
0.239000000000001	0.221979517079976
0.239500000000001	0.220324701588656
0.240000000000001	0.218685112784408
0.240500000000001	0.217060604695555
0.241000000000001	0.215451032675959
0.241500000000001	0.213856253396017
0.242000000000001	0.212276124833623
0.242500000000001	0.210710506265129
0.243000000000001	0.209159258256299
0.243500000000001	0.207622242653235
0.244000000000001	0.206099322573327
0.244500000000001	0.204590362396172
0.245000000000001	0.203095227754510
0.245500000000001	0.201613785525147
0.246000000000001	0.200145903819887
0.246500000000001	0.198691451976467
0.247000000000001	0.197250300549496
0.247500000000001	0.195822321301400
0.248000000000001	0.194407387193379
0.248500000000001	0.193005372376373
0.249000000000001	0.191616152182038
0.249500000000001	0.190239603113740
0.250000000000001	0.188875602837560
0.250500000000001	0.187524030173319
0.251000000000001	0.186184765085615
0.251500000000001	0.184857688674892
0.252000000000001	0.183542683168512
0.252500000000001	0.182239631911863
0.253000000000001	0.180948419359486
0.253500000000001	0.179668931066225
0.254000000000001	0.178401053678402
0.254500000000001	0.177144674925023
0.255000000000001	0.175899683609008
0.255500000000001	0.174665969598451
0.256000000000001	0.173443423817910
0.256500000000001	0.172231938239729
0.257000000000001	0.171031405875390
0.257500000000001	0.169841720766899
0.258000000000001	0.168662777978209
0.258500000000001	0.167494473586665
0.259000000000001	0.166336704674505
0.259500000000001	0.165189369320380
0.260000000000001	0.164052366590916
0.260500000000001	0.162925596532318
0.261000000000001	0.161808960162007
0.261500000000001	0.160702359460301
0.262000000000001	0.159605697362129
0.262500000000001	0.158518877748794
0.263000000000001	0.157441805439771
0.263500000000001	0.156374386184549
0.264000000000001	0.155316526654515
0.264500000000001	0.154268134434879
0.265000000000001	0.153229118016646
0.265500000000001	0.152199386788628
0.266000000000001	0.151178851029503
0.266500000000001	0.150167421899917
0.267000000000001	0.149165011434630
0.267500000000001	0.148171532534693
0.268000000000001	0.147186898959754
0.268500000000001	0.146211025320246
0.269000000000001	0.145243827069783
0.269500000000001	0.144285220497520
0.270000000000001	0.143335122720578
0.270500000000001	0.142393451676521
0.271000000000001	0.141460126115874
0.271500000000001	0.140535065594691
0.272000000000001	0.139618190467175
0.272500000000001	0.138709421878337
0.273000000000001	0.137808681756718
0.273500000000001	0.136915892807144
0.274000000000001	0.136030978503540
0.274500000000001	0.135153863081790
0.275000000000001	0.134284471532648
0.275500000000001	0.133422729594694
0.276000000000001	0.132568563747341
0.276500000000001	0.131721901203898
0.277000000000001	0.130882669904669
0.277500000000001	0.130050798510116
0.278000000000001	0.129226216394061
0.278500000000001	0.128408853636944
0.279000000000001	0.127598641019126
0.279500000000001	0.126795510014327
0.280000000000001	0.125999392782728
0.280500000000001	0.125210222164850
0.281000000000001	0.124427931674791
0.281500000000001	0.123652455493843
0.282000000000001	0.122883728464092
0.282500000000001	0.122121686082077
0.283000000000001	0.121366264492487
0.283500000000001	0.120617400481911
0.284000000000001	0.119875031472644
0.284500000000001	0.119139095516534
0.285000000000001	0.118409531288878
0.285500000000001	0.117686278082376
0.286000000000001	0.116969275801122
0.286500000000001	0.116258464954652
0.287000000000001	0.115553786652039
0.287500000000001	0.114855182596035
0.288000000000001	0.114162595077258
0.288500000000001	0.113475966968437
0.289000000000001	0.112795241718697
0.289500000000001	0.112120363347891
0.290000000000001	0.111451276440986
0.290500000000001	0.110787926142493
0.291000000000001	0.110130258150940
0.291500000000001	0.109478218713404
0.292000000000001	0.108831754620076
0.292500000000001	0.108190813198883
0.293000000000001	0.107555342309928
0.293500000000001	0.106925290341047
0.294000000000001	0.106300606201360
0.294500000000001	0.105681239316840
0.295000000000001	0.105067139624983
0.295500000000001	0.104458257569695
0.296000000000001	0.103854544096241
0.296500000000001	0.103255950646219
0.297000000000001	0.102662429152598
0.297500000000001	0.102073932034789
0.298000000000001	0.101490412193762
0.298500000000001	0.100911823007208
0.299000000000001	0.100338118324747
0.299500000000001	0.0997692524631795
0.300000000000001	0.0992051802017729
0.300500000000001	0.0986458567776039
0.301000000000001	0.0980912378809345
0.301500000000001	0.0975412796506334
0.302000000000001	0.0969959386696405
0.302500000000001	0.0964551719604719
0.303000000000001	0.0959189369807676
0.303500000000001	0.0953871916188802
0.304000000000001	0.0948598941895053
0.304500000000001	0.0943370034293523
0.305000000000001	0.0938184784928565
0.305500000000001	0.0933042789479309
0.306000000000001	0.0927943647717587
0.306500000000001	0.0922886963466255
0.307000000000001	0.0917872344557911
0.307500000000001	0.0912899402799001
0.308000000000001	0.0907967753910157
0.308500000000001	0.0903077017513724
0.309000000000001	0.0898226817076280
0.309500000000001	0.0893416779873579
0.310000000000001	0.0888646536951580
0.310500000000001	0.0883915723087866
0.311000000000001	0.0879223976753424
0.311500000000001	0.0874570940074806
0.312000000000001	0.0869956258796649
0.312500000000001	0.0865379582244568
0.313000000000001	0.0860840563288406
0.313500000000001	0.0856338858305848
0.314000000000001	0.0851874127146392
0.314500000000001	0.0847446033095667
0.315000000000001	0.0843054242840113
0.315500000000001	0.0838698426431999
0.316000000000001	0.0834378257254798
0.316500000000001	0.0830093411988897
0.317000000000001	0.0825843570577647
0.317500000000001	0.0821628416193756
0.318000000000001	0.0817447635206015
0.318500000000001	0.0813300917146351
0.319000000000001	0.0809187954677214
0.319500000000001	0.0805108443559294
0.320000000000001	0.0801062082619553
0.320500000000001	0.0797048573719585
0.321000000000001	0.0793067621724292
0.321500000000001	0.0789118934470873
0.322000000000001	0.0785202222738131
0.322500000000001	0.0781317200216092
0.323000000000001	0.0777463583465391
0.323500000000001	0.0773641091928149
0.324000000000001	0.0769849447839551
0.324500000000001	0.0766088376236738
0.325000000000001	0.0762357604920706
0.325500000000001	0.0758656864427724
0.326000000000001	0.0754985888001049
0.326500000000001	0.0751344411562928
0.327000000000001	0.0747732173686889
0.327500000000001	0.0744148915570307
0.328000000000001	0.0740594381007268
0.328500000000001	0.0737068316361694
0.329000000000001	0.0733570470540757
0.329500000000001	0.0730100594968563
0.330000000000001	0.0726658443560108
0.330500000000001	0.0723243772695495
0.331000000000001	0.0719856341194436
0.331500000000001	0.0716495910290999
0.332000000000001	0.0713162243608624
0.332500000000001	0.0709855107135405
0.333000000000001	0.0706574269199614
0.333500000000001	0.0703319500445495
0.334000000000001	0.0700090573809296
0.334500000000001	0.0696887264495563
0.335000000000001	0.0693709349953668
0.335500000000001	0.0690556609854599
0.336000000000001	0.0687428826067972
0.336500000000001	0.0684325782639303
0.337000000000001	0.0681247265767503
0.337500000000001	0.0678193063782618
0.338000000000001	0.0675162967123798
0.338500000000001	0.0672156768317495
0.339000000000001	0.0669174261975066
0.339500000000001	0.0666215244697091
0.340000000000001	0.0663279515160526
0.340500000000001	0.0660366874027630
0.341000000000001	0.0657477123942366
0.341500000000001	0.0654610069509947
0.342000000000001	0.0651765517276583
0.342500000000001	0.0648943275709467
0.343000000000001	0.0646143155176947
0.343500000000001	0.0643364967928926
0.344000000000001	0.0640608528077458
0.344500000000001	0.0637873651577559
0.345000000000001	0.0635160156208212
0.345500000000001	0.0632467861553582
0.346000000000001	0.0629796588984427
0.346500000000001	0.0627146161639695
0.347000000000001	0.0624516404408346
0.347500000000001	0.0621907143911334
0.348000000000001	0.0619318208483800
0.348500000000001	0.0616749428157450
0.349000000000001	0.0614200634643124
0.349500000000001	0.0611671661313539
0.350000000000001	0.0609162343186239
0.350500000000001	0.0606672516906694
0.351000000000001	0.0604202020731614
0.351500000000001	0.0601750694512416
0.352000000000001	0.0599318379678882
0.352500000000001	0.0596904919222984
0.353000000000001	0.0594510157682883
0.353500000000001	0.0592133941127105
0.354000000000001	0.0589776117138883
0.354500000000001	0.0587436534800661
0.355000000000001	0.0585115044678773
0.355500000000001	0.0582811498777371
0.356000000000001	0.0580525750643779
0.356500000000001	0.0578257655177741
0.357000000000001	0.0576007068731136
0.357500000000001	0.0573773849065535
0.358000000000001	0.0571557855337841
0.358500000000001	0.0569358948086083
0.359000000000001	0.0567176989215345
0.359500000000001	0.0565011841983881
0.360000000000001	0.0562863370989346
0.360500000000001	0.0560731442155191
0.361000000000001	0.0558615922717202
0.361500000000001	0.0556516681210187
0.362000000000001	0.0554433587454799
0.362500000000001	0.0552366512544509
0.363000000000001	0.0550315328832713
0.363500000000001	0.0548279909919984
0.364000000000001	0.0546260130641460
0.364500000000001	0.0544255867054365
0.365000000000001	0.0542266996425660
0.365500000000001	0.0540293397219847
0.366000000000001	0.0538334949086886
0.366500000000001	0.0536391532850242
0.367000000000001	0.0534463030495083
0.367500000000001	0.0532549325156572
0.368000000000001	0.0530650301108320
0.368500000000001	0.0528765843750939
0.369000000000001	0.0526895839600731
0.369500000000001	0.0525040176278495
0.370000000000001	0.0523198742498459
0.370500000000001	0.0521371428057324
0.371000000000001	0.0519558123823441
0.371500000000001	0.0517758721726090
0.372000000000001	0.0515973114744885
0.372500000000001	0.0514201196899285
0.373000000000001	0.0512442863238230
0.373500000000001	0.0510698009882035
0.374000000000001	0.0508966533808453
0.374500000000001	0.0507248333141511
0.375000000000001	0.0505543306946644
0.375500000000001	0.0503851355268570
0.376000000000001	0.0502172379121606
0.376500000000001	0.0500506280480033
0.377000000000001	0.0498852962268623
0.377500000000001	0.0497212328353213
0.378000000000001	0.0495584283531432
0.378500000000001	0.0493968733523481
0.379000000000001	0.0492365584963066
0.379500000000001	0.0490774745388369
0.380000000000001	0.0489196123233177
0.380500000000001	0.0487629627818061
0.381000000000001	0.0486075169341683
0.381500000000001	0.0484532658872180
0.382000000000001	0.0483002008338637
0.382500000000001	0.0481483130522674
0.383000000000001	0.0479975939050115
0.383500000000001	0.0478480348382739
0.384000000000001	0.0476996273810119
0.384500000000001	0.0475523631441577
0.385000000000001	0.0474062338198205
0.385500000000001	0.0472612311804955
0.386000000000001	0.0471173470782865
0.386500000000001	0.0469745734441326
0.387000000000001	0.0468329022870455
0.387500000000001	0.0466923256933536
0.388000000000001	0.0465528358259568
0.388500000000001	0.0464144249235855
0.389000000000001	0.0462770853000740
0.389500000000001	0.0461408093436332
0.390000000000001	0.0460055895161395
0.390500000000001	0.0458714183524272
0.391000000000001	0.0457382884595885
0.391500000000001	0.0456061925162824
0.392000000000001	0.0454751232720517
0.392500000000001	0.0453450735389954
0.393000000000001	0.0452160362211020
0.393500000000001	0.0450880042694406
0.394000000000001	0.0449609707103940
0.394500000000001	0.0448349286379179
0.395000000000001	0.0447098712129042
0.395500000000001	0.0445857916625443
0.396000000000001	0.0444626832797047
0.396500000000001	0.0443405394223085
0.397000000000001	0.0442193535127212
0.397500000000001	0.0440991190371457
0.398000000000001	0.0439798295450229
0.398500000000001	0.0438614786484395
0.399000000000001	0.0437440600215424
0.399500000000001	0.0436275673999570
0.400000000000001	0.0435119945802172
0.400500000000001	0.0433973354191959
0.401000000000001	0.0432835838335450
0.401500000000001	0.0431707337991414
0.402000000000001	0.0430587793505388
0.402500000000001	0.0429477145804240
0.403000000000001	0.0428375336390820
0.403500000000001	0.0427282307338648
0.404000000000001	0.0426198001286670
0.404500000000001	0.0425122361434078
0.405000000000001	0.0424055331535153
0.405500000000001	0.0422996855894233
0.406000000000001	0.0421946879360648
0.406500000000001	0.0420905347323801
0.407000000000001	0.0419872205708232
0.407500000000001	0.0418847400968779
0.408000000000001	0.0417830880085766
0.408500000000001	0.0416822590560275
0.409000000000001	0.0415822480409439
0.409500000000001	0.0414830498161803
0.410000000000001	0.0413846592852744
0.410500000000001	0.0412870714019920
0.411000000000001	0.0411902811698781
0.411500000000001	0.0410942836418158
0.412000000000001	0.0409990739195827
0.412500000000001	0.0409046471534216
0.413000000000001	0.0408109985416086
0.413500000000001	0.0407181233300298
0.414000000000001	0.0406260168117619
0.414500000000001	0.0405346743266558
0.415000000000001	0.0404440912730792
0.415500000000001	0.0403542630596599
0.416000000000001	0.0402651851755725
0.416500000000001	0.0401768531437139
0.417000000000001	0.0400892625317533
0.417500000000001	0.0400024089517400
0.418000000000001	0.0399162880597237
0.418500000000001	0.0398308955553725
0.419000000000001	0.0397462271816003
0.419500000000001	0.0396622787241955
0.420000000000001	0.0395790460114534
0.420500000000001	0.0394965249138168
0.421000000000001	0.0394147113435157
0.421500000000001	0.0393336012542136
0.422000000000001	0.0392531906406592
0.422500000000001	0.0391734755383375
0.423000000000001	0.0390944520231309
0.423500000000001	0.0390161162109781
0.424000000000001	0.0389384642575421
0.424500000000001	0.0388614923578795
0.425000000000001	0.0387851967461114
0.425500000000001	0.0387095736951048
0.426000000000001	0.0386346195161474
0.426500000000001	0.0385603305586390
0.427000000000001	0.0384867032097739
0.427500000000001	0.0384137338942360
0.428000000000001	0.0383414190738920
0.428500000000001	0.0382697552474916
0.429000000000001	0.0381987389503688
0.429500000000001	0.0381283667541485
0.430000000000001	0.0380586352664557
0.430500000000001	0.0379895411306259
0.431000000000001	0.0379210810254256
0.431500000000001	0.0378532516647653
0.432000000000001	0.0377860497974283
0.432500000000001	0.0377194722067914
0.433000000000001	0.0376535157105581
0.433500000000001	0.0375881771604882
0.434000000000001	0.0375234534421349
0.434500000000001	0.0374593414745801
0.435000000000001	0.0373958382101805
0.435500000000001	0.0373329406343098
0.436000000000001	0.0372706457651068
0.436500000000001	0.0372089506532256
0.437000000000001	0.0371478523815920
0.437500000000001	0.0370873480651558
0.438000000000001	0.0370274348506564
0.438500000000001	0.0369681099163802
0.439000000000001	0.0369093704719274
0.439500000000001	0.0368512137579836
0.440000000000001	0.0367936370460862
0.440500000000001	0.0367366376384008
0.441000000000001	0.0366802128674989
0.441500000000001	0.0366243600961366
0.442000000000001	0.0365690767170348
0.442500000000001	0.0365143601526673
0.443000000000001	0.0364602078550465
0.443500000000001	0.0364066172872952
0.444000000000001	0.0363535859955644
0.444500000000001	0.0363011115017466
0.445000000000001	0.0362491913739387
0.445500000000001	0.0361978232087566
0.446000000000001	0.0361470046311335
0.446500000000001	0.0360967332941309
0.447000000000001	0.0360470068787415
0.447500000000001	0.0359978230937058
0.448000000000001	0.0359491796753180
0.448500000000001	0.0359010743872470
0.449000000000001	0.0358535050203551
0.449500000000001	0.0358064693925132
0.450000000000001	0.0357599653484277
0.450500000000001	0.0357139907594638
0.451000000000001	0.0356685435234733
0.451500000000001	0.0356236215646263
0.452000000000001	0.0355792228332379
0.452500000000001	0.0355353453056096
0.453000000000001	0.0354919869838585
0.453500000000001	0.0354491458957626
0.454000000000001	0.0354068200945979
0.454500000000001	0.0353650076589821
0.455000000000001	0.0353237066927194
0.455500000000001	0.0352829153246508
0.456000000000001	0.0352426317085012
0.456500000000001	0.0352028540227317
0.457000000000001	0.0351635804703932
0.457500000000001	0.0351248092789840
0.458000000000001	0.0350865387003062
0.458500000000001	0.0350487670103245
0.459000000000001	0.0350114925090339
0.459500000000001	0.0349747135203161
0.460000000000001	0.0349384283918144
0.460500000000001	0.0349026354947936
0.461000000000001	0.0348673332240146
0.461500000000001	0.0348325199976070
0.462000000000001	0.0347981942569423
0.462500000000001	0.0347643544665098
0.463000000000001	0.0347309991137936
0.463500000000001	0.0346981267091547
0.464000000000001	0.0346657357857112
0.464500000000001	0.0346338248992236
0.465000000000001	0.0346023926279777
0.465500000000001	0.0345714375726764
0.466000000000001	0.0345409583563244
0.466500000000001	0.0345109536241219
0.467000000000001	0.0344814220433570
0.467500000000001	0.0344523623033009
0.468000000000001	0.0344237731151061
0.468500000000001	0.0343956532116994
0.469000000000001	0.0343680013476872
0.469500000000001	0.0343408162992561
0.470000000000001	0.0343140968640792
0.470500000000001	0.0342878418612135
0.471000000000001	0.0342620501310165
0.471500000000001	0.0342367205350490
0.472000000000001	0.0342118519559891
0.472500000000001	0.0341874432975426
0.473000000000001	0.0341634934843581
0.473500000000001	0.0341400014619425
0.474000000000001	0.0341169661965790
0.474500000000001	0.0340943866752444
0.475000000000001	0.0340722619055310
0.475500000000001	0.0340505909155716
0.476000000000001	0.0340293727539585
0.476500000000001	0.0340086064896721
0.477000000000001	0.0339882912120102
0.477500000000001	0.0339684260305125
0.478000000000001	0.0339490100748929
0.478500000000001	0.0339300424949738
0.479000000000001	0.0339115224606175
0.479500000000001	0.0338934491616655
0.480000000000001	0.0338758218078654
0.480500000000001	0.0338586396288217
0.481000000000001	0.0338419018739304
0.481500000000001	0.0338256078123178
0.482000000000001	0.0338097567327893
0.482500000000001	0.0337943479437700
0.483000000000001	0.0337793807732537
0.483500000000001	0.0337648545687493
0.484000000000001	0.0337507686972292
0.484500000000001	0.0337371225450848
0.485000000000001	0.0337239155180719
0.485500000000001	0.0337111470412705
0.486000000000001	0.0336988165590380
0.486500000000001	0.0336869235349649
0.487000000000001	0.0336754674518368
0.487500000000001	0.0336644478115920
0.488000000000001	0.0336538641352814
0.488500000000001	0.0336437159630368
0.489000000000001	0.0336340028540270
0.489500000000001	0.0336247243864315
0.490000000000001	0.0336158801574062
0.490500000000001	0.0336074697830482
0.491000000000001	0.0335994928983714
0.491500000000001	0.0335919491572726
0.492000000000001	0.0335848382325127
0.492500000000001	0.0335781598156827
0.493000000000001	0.0335719136171857
0.493500000000001	0.0335660993662136
0.494000000000001	0.0335607168107234
0.494500000000001	0.0335557657174225
0.495000000000001	0.0335512458717437
0.495500000000001	0.0335471570778372
0.496000000000001	0.0335434991585514
0.496500000000001	0.0335402719554134
0.497000000000001	0.0335374753286298
0.497500000000001	0.0335351091570639
0.498000000000001	0.0335331733382323
0.498500000000001	0.0335316677882954
0.499000000000001	0.0335305924420506
0.499500000000001	0.0335299472529315