-0.500000000000000	0.438585627001744
-0.499500000000000	0.438586918445303
-0.499000000000000	0.438590792793207
-0.498500000000000	0.438597250097150
-0.498000000000000	0.438606290443280
-0.497500000000000	0.438617913952211
-0.497000000000000	0.438632120779015
-0.496500000000000	0.438648911113227
-0.496000000000000	0.438668285178842
-0.495500000000000	0.438690243234320
-0.495000000000000	0.438714785572580
-0.494500000000000	0.438741912521010
-0.494000000000000	0.438771624441457
-0.493500000000000	0.438803921730238
-0.493000000000000	0.438838804818131
-0.492500000000000	0.438876274170386
-0.492000000000000	0.438916330286720
-0.491500000000000	0.438958973701316
-0.491000000000000	0.439004204982831
-0.490500000000000	0.439052024734394
-0.490000000000000	0.439102433593605
-0.489500000000000	0.439155432232540
-0.489000000000000	0.439211021357752
-0.488500000000000	0.439269201710270
-0.488000000000000	0.439329974065602
-0.487500000000000	0.439393339233740
-0.487000000000000	0.439459298059157
-0.486500000000000	0.439527851420809
-0.486000000000000	0.439599000232142
-0.485500000000000	0.439672745441089
-0.485000000000000	0.439749088030072
-0.484500000000000	0.439828029016009
-0.484000000000000	0.439909569450311
-0.483500000000000	0.439993710418884
-0.483000000000000	0.440080453042138
-0.482500000000000	0.440169798474981
-0.482000000000000	0.440261747906826
-0.481500000000000	0.440356302561591
-0.481000000000000	0.440453463697706
-0.480500000000000	0.440553232608108
-0.480000000000000	0.440655610620252
-0.479500000000000	0.440760599096107
-0.479000000000000	0.440868199432160
-0.478500000000000	0.440978413059422
-0.478000000000000	0.441091241443428
-0.477500000000000	0.441206686084237
-0.477000000000000	0.441324748516442
-0.476500000000000	0.441445430309166
-0.476000000000000	0.441568733066066
-0.475500000000000	0.441694658425341
-0.475000000000000	0.441823208059726
-0.474500000000000	0.441954383676505
-0.474000000000000	0.442088187017504
-0.473500000000000	0.442224619859100
-0.473000000000000	0.442363684012224
-0.472500000000000	0.442505381322359
-0.472000000000000	0.442649713669548
-0.471500000000000	0.442796682968394
-0.471000000000000	0.442946291168065
-0.470500000000000	0.443098540252294
-0.470000000000000	0.443253432239384
-0.469500000000000	0.443410969182211
-0.469000000000000	0.443571153168223
-0.468500000000000	0.443733986319448
-0.468000000000000	0.443899470792496
-0.467500000000000	0.444067608778558
-0.467000000000000	0.444238402503410
-0.466500000000000	0.444411854227418
-0.466000000000000	0.444587966245539
-0.465500000000000	0.444766740887324
-0.465000000000000	0.444948180516919
-0.464500000000000	0.445132287533069
-0.464000000000000	0.445319064369121
-0.463500000000000	0.445508513493023
-0.463000000000000	0.445700637407330
-0.462500000000000	0.445895438649206
-0.462000000000000	0.446092919790422
-0.461500000000000	0.446293083437363
-0.461000000000000	0.446495932231026
-0.460500000000000	0.446701468847027
-0.460000000000000	0.446909695995596
-0.459500000000000	0.447120616421582
-0.459000000000000	0.447334232904458
-0.458500000000000	0.447550548258316
-0.458000000000000	0.447769565331873
-0.457500000000000	0.447991287008470
-0.457000000000000	0.448215716206074
-0.456500000000000	0.448442855877279
-0.456000000000000	0.448672709009306
-0.455500000000000	0.448905278624005
-0.455000000000000	0.449140567777855
-0.454500000000000	0.449378579561962
-0.454000000000000	0.449619317102065
-0.453500000000000	0.449862783558531
-0.453000000000000	0.450108982126355
-0.452500000000000	0.450357916035164
-0.452000000000000	0.450609588549213
-0.451500000000000	0.450864002967383
-0.451000000000000	0.451121162623187
-0.450500000000000	0.451381070884759
-0.450000000000000	0.451643731154863
-0.449500000000000	0.451909146870884
-0.449000000000000	0.452177321504832
-0.448500000000000	0.452448258563333
-0.448000000000000	0.452721961587637
-0.447500000000000	0.452998434153605
-0.447000000000000	0.453277679871714
-0.446500000000000	0.453559702387053
-0.446000000000000	0.453844505379316
-0.445500000000000	0.454132092562803
-0.445000000000000	0.454422467686414
-0.444500000000000	0.454715634533647
-0.444000000000000	0.455011596922592
-0.443500000000000	0.455310358705929
-0.443000000000000	0.455611923770921
-0.442500000000000	0.455916296039408
-0.442000000000000	0.456223479467807
-0.441500000000000	0.456533478047100
-0.441000000000000	0.456846295802832
-0.440500000000000	0.457161936795105
-0.440000000000000	0.457480405118567
-0.439500000000000	0.457801704902411
-0.439000000000000	0.458125840310362
-0.438500000000000	0.458452815540675
-0.438000000000000	0.458782634826123
-0.437500000000000	0.459115302433987
-0.437000000000000	0.459450822666053
-0.436500000000000	0.459789199858598
-0.436000000000000	0.460130438382382
-0.435500000000000	0.460474542642639
-0.435000000000000	0.460821517079062
-0.434500000000000	0.461171366165799
-0.434000000000000	0.461524094411436
-0.433500000000000	0.461879706358988
-0.433000000000000	0.462238206585888
-0.432500000000000	0.462599599703968
-0.432000000000000	0.462963890359454
-0.431500000000000	0.463331083232946
-0.431000000000000	0.463701183039409
-0.430500000000000	0.464074194528153
-0.430000000000000	0.464450122482823
-0.429500000000000	0.464828971721379
-0.429000000000000	0.465210747096082
-0.428500000000000	0.465595453493478
-0.428000000000000	0.465983095834377
-0.427500000000000	0.466373679073840
-0.427000000000000	0.466767208201158
-0.426500000000000	0.467163688239832
-0.426000000000000	0.467563124247556
-0.425500000000000	0.467965521316193
-0.425000000000000	0.468370884571760
-0.424500000000000	0.468779219174399
-0.424000000000000	0.469190530318362
-0.423500000000000	0.469604823231985
-0.423000000000000	0.470022103177663
-0.422500000000000	0.470442375451828
-0.422000000000000	0.470865645384927
-0.421500000000000	0.471291918341390
-0.421000000000000	0.471721199719610
-0.420500000000000	0.472153494951912
-0.420000000000000	0.472588809504527
-0.419500000000000	0.473027148877567
-0.419000000000000	0.473468518604988
-0.418500000000000	0.473912924254570
-0.418000000000000	0.474360371427878
-0.417500000000000	0.474810865760235
-0.417000000000000	0.475264412920691
-0.416500000000000	0.475721018611984
-0.416000000000000	0.476180688570516
-0.415500000000000	0.476643428566307
-0.415000000000000	0.477109244402971
-0.414500000000000	0.477578141917670
-0.414000000000000	0.478050126981082
-0.413500000000000	0.478525205497364
-0.413000000000000	0.479003383404109
-0.412500000000000	0.479484666672310
-0.412000000000000	0.479969061306315
-0.411500000000000	0.480456573343791
-0.411000000000000	0.480947208855677
-0.410500000000000	0.481440973946142
-0.410000000000000	0.481937874752540
-0.409500000000000	0.482437917445365
-0.409000000000000	0.482941108229143
-0.408500000000000	0.483447453338600
-0.408000000000000	0.483956959044336
-0.407500000000000	0.484469631648928
-0.407000000000000	0.484985477487853
-0.406500000000000	0.485504502929430
-0.406000000000000	0.486026714374773
-0.405500000000000	0.486552118257732
-0.405000000000000	0.487080721044843
-0.404500000000000	0.487612529235269
-0.404000000000000	0.488147549360743
-0.403500000000000	0.488685787985508
-0.403000000000000	0.489227251706263
-0.402500000000000	0.489771947152094
-0.402000000000000	0.490319880984421
-0.401500000000000	0.490871059896927
-0.401000000000000	0.491425490615498
-0.400500000000000	0.491983179898156
-0.400000000000000	0.492544134534991
-0.399500000000000	0.493108361348096
-0.399000000000000	0.493675867191494
-0.398500000000000	0.494246658951068
-0.398000000000000	0.494820743544492
-0.397500000000000	0.495398127921152
-0.397000000000000	0.495978819062075
-0.396500000000000	0.496562823979852
-0.396000000000000	0.497150149718559
-0.395500000000000	0.497740803353682
-0.395000000000000	0.498334791992029
-0.394500000000000	0.498932122771656
-0.394000000000000	0.499532802861779
-0.393500000000000	0.500136839462690
-0.393000000000000	0.500744239805672
-0.392500000000000	0.501355011152908
-0.392000000000000	0.501969160797395
-0.391500000000000	0.502586696062852
-0.391000000000000	0.503207624303625
-0.390500000000000	0.503831952904598
-0.390000000000000	0.504459689281091
-0.389500000000000	0.505090840878768
-0.389000000000000	0.505725415173534
-0.388500000000000	0.506363419671438
-0.388000000000000	0.507004861908567
-0.387500000000000	0.507649749450944
-0.387000000000000	0.508298089894423
-0.386500000000000	0.508949890864579
-0.386000000000000	0.509605160016602
-0.385500000000000	0.510263905035182
-0.385000000000000	0.510926133634400
-0.384500000000000	0.511591853557610
-0.384000000000000	0.512261072577326
-0.383500000000000	0.512933798495102
-0.383000000000000	0.513610039141408
-0.382500000000000	0.514289802375517
-0.382000000000000	0.514973096085373
-0.381500000000000	0.515659928187465
-0.381000000000000	0.516350306626707
-0.380500000000000	0.517044239376300
-0.380000000000000	0.517741734437603
-0.379500000000000	0.518442799839999
-0.379000000000000	0.519147443640761
-0.378500000000000	0.519855673924911
-0.378000000000000	0.520567498805082
-0.377500000000000	0.521282926421374
-0.377000000000000	0.522001964941212
-0.376500000000000	0.522724622559199
-0.376000000000000	0.523450907496965
-0.375500000000000	0.524180828003021
-0.375000000000000	0.524914392352601
-0.374500000000000	0.525651608847509
-0.374000000000000	0.526392485815963
-0.373500000000000	0.527137031612435
-0.373000000000000	0.527885254617485
-0.372500000000000	0.528637163237601
-0.372000000000000	0.529392765905031
-0.371500000000000	0.530152071077615
-0.371000000000000	0.530915087238611
-0.370500000000000	0.531681822896523
-0.370000000000000	0.532452286584927
-0.369500000000000	0.533226486862285
-0.369000000000000	0.534004432311774
-0.368500000000000	0.534786131541093
-0.368000000000000	0.535571593182283
-0.367500000000000	0.536360825891535
-0.367000000000000	0.537153838349000
-0.366500000000000	0.537950639258596
-0.366000000000000	0.538751237347809
-0.365500000000000	0.539555641367494
-0.365000000000000	0.540363860091678
-0.364500000000000	0.541175902317349
-0.364000000000000	0.541991776864252
-0.363500000000000	0.542811492574678
-0.363000000000000	0.543635058313255
-0.362500000000000	0.544462482966725
-0.362000000000000	0.545293775443732
-0.361500000000000	0.546128944674600
-0.361000000000000	0.546967999611106
-0.360500000000000	0.547810949226256
-0.360000000000000	0.548657802514053
-0.359500000000000	0.549508568489265
-0.359000000000000	0.550363256187191
-0.358500000000000	0.551221874663420
-0.358000000000000	0.552084432993591
-0.357500000000000	0.552950940273143
-0.357000000000000	0.553821405617078
-0.356500000000000	0.554695838159698
-0.356000000000000	0.555574247054359
-0.355500000000000	0.556456641473211
-0.355000000000000	0.557343030606937
-0.354500000000000	0.558233423664490
-0.354000000000000	0.559127829872829
-0.353500000000000	0.560026258476643
-0.353000000000000	0.560928718738084
-0.352500000000000	0.561835219936486
-0.352000000000000	0.562745771368087
-0.351500000000000	0.563660382345745
-0.351000000000000	0.564579062198653
-0.350500000000000	0.565501820272047
-0.350000000000000	0.566428665926912
-0.349500000000000	0.567359608539688
-0.349000000000000	0.568294657501967
-0.348500000000000	0.569233822219854
-0.348000000000000	0.570177112115022
-0.347500000000000	0.571124536622326
-0.347000000000000	0.572076105190895
-0.346500000000000	0.573031827283453
-0.346000000000000	0.573991712376001
-0.345500000000000	0.574955769957490
-0.345000000000000	0.575924009529491
-0.344500000000000	0.576896440605861
-0.344000000000000	0.577873072712410
-0.343500000000000	0.578853915386556
-0.343000000000000	0.579838978176984
-0.342500000000000	0.580828270643296
-0.342000000000000	0.581821802355659
-0.341500000000000	0.582819582894449
-0.341000000000000	0.583821621849893
-0.340500000000000	0.584827928821700
-0.340000000000000	0.585838513418701
-0.339500000000000	0.586853385258469
-0.339000000000000	0.587872553966949
-0.338500000000000	0.588896029178074
-0.338000000000000	0.589923820533385
-0.337500000000000	0.590955937681639
-0.337000000000000	0.591992390278419
-0.336500000000000	0.593033187985735
-0.336000000000000	0.594078340471628
-0.335500000000000	0.595127857409759
-0.335000000000000	0.596181748479004
-0.334500000000000	0.597240023363041
-0.334000000000000	0.598302691749929
-0.333500000000000	0.599369763331686
-0.333000000000000	0.600441247803866
-0.332500000000000	0.601517154865127
-0.332000000000000	0.602597494216791
-0.331500000000000	0.603682275562411
-0.331000000000000	0.604771508607322
-0.330500000000000	0.605865203058194
-0.330000000000000	0.606963368622579
-0.329500000000000	0.608066015008451
-0.329000000000000	0.609173151923747
-0.328500000000000	0.610284789075898
-0.328000000000000	0.611400936171354
-0.327500000000000	0.612521602915115
-0.327000000000000	0.613646799010242
-0.326500000000000	0.614776534157376
-0.326000000000000	0.615910818054248
-0.325500000000000	0.617049660395179
-0.325000000000000	0.618193070870582
-0.324500000000000	0.619341059166461
-0.324000000000000	0.620493634963894
-0.323500000000000	0.621650807938523
-0.323000000000000	0.622812587760032
-0.322500000000000	0.623978984091624
-0.322000000000000	0.625150006589491
-0.321500000000000	0.626325664902276
-0.321000000000000	0.627505968670540
-0.320500000000000	0.628690927526211
-0.320000000000000	0.629880551092035
-0.319500000000000	0.631074848981026
-0.319000000000000	0.632273830795900
-0.318500000000000	0.633477506128513
-0.318000000000000	0.634685884559289
-0.317500000000000	0.635898975656647
-0.317000000000000	0.637116788976415
-0.316500000000000	0.638339334061250
-0.316000000000000	0.639566620440042
-0.315500000000000	0.640798657627320
-0.315000000000000	0.642035455122647
-0.314500000000000	0.643277022410017
-0.314000000000000	0.644523368957238
-0.313500000000000	0.645774504215315
-0.313000000000000	0.647030437617826
-0.312500000000000	0.648291178580297
-0.312000000000000	0.649556736499559
-0.311500000000000	0.650827120753115
-0.311000000000000	0.652102340698494
-0.310500000000000	0.653382405672594
-0.310000000000000	0.654667324991032
-0.309500000000000	0.655957107947478
-0.309000000000000	0.657251763812986
-0.308500000000000	0.658551301835324
-0.308000000000000	0.659855731238291
-0.307500000000000	0.661165061221036
-0.307000000000000	0.662479300957362
-0.306500000000000	0.663798459595035
-0.306000000000000	0.665122546255077
-0.305500000000000	0.666451570031132
-0.305000000000000	0.667785539988462
-0.304500000000000	0.669124465163670
-0.304000000000000	0.670468354563676
-0.303500000000000	0.671817217165056
-0.303000000000000	0.673171061913313
-0.302500000000000	0.674529897722125
-0.302000000000000	0.675893733472606
-0.301500000000000	0.677262578012542
-0.301000000000000	0.678636440155637
-0.300500000000000	0.680015328680741
-0.300000000000000	0.681399252331082
-0.299500000000000	0.682788219813482
-0.299000000000000	0.684182239797576
-0.298500000000000	0.685581320915022
-0.298000000000000	0.686985471758699
-0.297500000000000	0.688394700881908
-0.297000000000000	0.689809016797565
-0.296500000000000	0.691228427977378
-0.296000000000000	0.692652942851036
-0.295500000000000	0.694082569805372
-0.295000000000000	0.695517317183535
-0.294500000000000	0.696957193284151
-0.294000000000000	0.698402206360474
-0.293500000000000	0.699852364619533
-0.293000000000000	0.701307676221281
-0.292500000000000	0.702768149277721
-0.292000000000000	0.704233791852043
-0.291500000000000	0.705704611957743
-0.291000000000000	0.707180617557741
-0.290500000000000	0.708661816563494
-0.290000000000000	0.710148216834094
-0.289500000000000	0.711639826175375
-0.289000000000000	0.713136652338999
-0.288500000000000	0.714638703021542
-0.288000000000000	0.716145985863574
-0.287500000000000	0.717658508448737
-0.287000000000000	0.719176278302801
-0.286500000000000	0.720699302892737
-0.286000000000000	0.722227589625760
-0.285500000000000	0.723761145848385
-0.285000000000000	0.725299978845466
-0.284500000000000	0.726844095839228
-0.284000000000000	0.728393503988301
-0.283500000000000	0.729948210386741
-0.283000000000000	0.731508222063043
-0.282500000000000	0.733073545979158
-0.282000000000000	0.734644189029488
-0.281500000000000	0.736220158039890
-0.281000000000000	0.737801459766667
-0.280500000000000	0.739388100895547
-0.280000000000000	0.740980088040667
-0.279500000000000	0.742577427743544
-0.279000000000000	0.744180126472039
-0.278500000000000	0.745788190619317
-0.278000000000000	0.747401626502803
-0.277500000000000	0.749020440363126
-0.277000000000000	0.750644638363059
-0.276500000000000	0.752274226586458
-0.276000000000000	0.753909211037184
-0.275500000000000	0.755549597638030
-0.275000000000000	0.757195392229635
-0.274500000000000	0.758846600569385
-0.274000000000000	0.760503228330348
-0.273500000000000	0.762165281100121
-0.273000000000000	0.763832764379759
-0.272500000000000	0.765505683582646
-0.272000000000000	0.767184044033375
-0.271500000000000	0.768867850966622
-0.271000000000000	0.770557109526010
-0.270500000000000	0.772251824762969
-0.270000000000000	0.773952001635594
-0.269500000000000	0.775657645007485
-0.269000000000000	0.777368759646599
-0.268500000000000	0.779085350224076
-0.268000000000000	0.780807421313077
-0.267500000000000	0.782534977387601
-0.267000000000000	0.784268022821308
-0.266500000000000	0.786006561886328
-0.266000000000000	0.787750598752069
-0.265500000000000	0.789500137484013
-0.265000000000000	0.791255182042517
-0.264500000000000	0.793015736281596
-0.264000000000000	0.794781803947707
-0.263500000000000	0.796553388678526
-0.263000000000000	0.798330494001721
-0.262500000000000	0.800113123333712
-0.262000000000000	0.801901279978438
-0.261500000000000	0.803694967126106
-0.261000000000000	0.805494187851941
-0.260500000000000	0.807298945114927
-0.260000000000000	0.809109241756550
-0.259500000000000	0.810925080499522
-0.259000000000000	0.812746463946515
-0.258500000000000	0.814573394578875
-0.258000000000000	0.816405874755345
-0.257500000000000	0.818243906710768
-0.257000000000000	0.820087492554798
-0.256500000000000	0.821936634270596
-0.256000000000000	0.823791333713527
-0.255500000000000	0.825651592609848
-0.255000000000000	0.827517412555394
-0.254500000000000	0.829388795014256
-0.254000000000000	0.831265741317453
-0.253500000000000	0.833148252661609
-0.253000000000000	0.835036330107610
-0.252500000000000	0.836929974579266
-0.252000000000000	0.838829186861968
-0.251500000000000	0.840733967601336
-0.251000000000000	0.842644317301866
-0.250500000000000	0.844560236325571
-0.250000000000000	0.846481724890615
-0.249500000000000	0.848408783069948
-0.249000000000000	0.850341410789934
-0.248500000000000	0.852279607828969
-0.248000000000000	0.854223373816109
-0.247500000000000	0.856172708229676
-0.247000000000000	0.858127610395873
-0.246500000000000	0.860088079487391
-0.246000000000000	0.862054114522009
-0.245500000000000	0.864025714361196
-0.245000000000000	0.866002877708702
-0.244500000000000	0.867985603109153
-0.244000000000000	0.869973888946636
-0.243500000000000	0.871967733443282
-0.243000000000000	0.873967134657849
-0.242500000000000	0.875972090484296
-0.242000000000000	0.877982598650359
-0.241500000000000	0.879998656716117
-0.241000000000000	0.882020262072566
-0.240500000000000	0.884047411940173
-0.240000000000000	0.886080103367447
-0.239500000000000	0.888118333229489
-0.239000000000000	0.890162098226551
-0.238500000000000	0.892211394882587
-0.238000000000000	0.894266219543801
-0.237500000000000	0.896326568377199
-0.237000000000000	0.898392437369127
-0.236500000000000	0.900463822323819
-0.236000000000000	0.902540718861931
-0.235500000000000	0.904623122419086
-0.235000000000000	0.906711028244401
-0.234500000000000	0.908804431399030
-0.234000000000000	0.910903326754686
-0.233500000000000	0.913007708992181
-0.233000000000000	0.915117572599946
-0.232500000000000	0.917232911872563
-0.232000000000000	0.919353720909290
-0.231500000000000	0.921479993612582
-0.231000000000000	0.923611723686618
-0.230500000000000	0.925748904635819
-0.230000000000000	0.927891529763374
-0.229500000000000	0.930039592169756
-0.229000000000000	0.932193084751240
-0.228500000000000	0.934352000198430
-0.228000000000000	0.936516330994766
-0.227500000000000	0.938686069415052
-0.227000000000000	0.940861207523968
-0.226500000000000	0.943041737174589
-0.226000000000000	0.945227650006905
-0.225500000000000	0.947418937446336
-0.225000000000000	0.949615590702259
-0.224500000000000	0.951817600766496
-0.224000000000000	0.954024958411879
-0.223500000000000	0.956237654190740
-0.223000000000000	0.958455678433439
-0.222500000000000	0.960679021246887
-0.222000000000000	0.962907672513067
-0.221500000000000	0.965141621887559
-0.221000000000000	0.967380858798067
-0.220500000000000	0.969625372442945
-0.220000000000000	0.971875151789726
-0.219500000000000	0.974130185573653
-0.219000000000000	0.976390462296213
-0.218500000000000	0.978655970223670
-0.218000000000000	0.980926697385606
-0.217500000000000	0.983202631573457
-0.217000000000000	0.985483760339056
-0.216500000000000	0.987770070993182
-0.216000000000000	0.990061550604106
-0.215500000000000	0.992358185996141
-0.215000000000000	0.994659963748199
-0.214500000000000	0.996966870192351
-0.214000000000000	0.999278891412382
-0.213500000000000	1.00159601324237
-0.213000000000000	1.00391822126523
-0.212500000000000	1.00624550081133
-0.212000000000000	1.00857783695702
-0.211500000000000	1.01091521452325
-0.211000000000000	1.01325761807416
-0.210500000000000	1.01560503191563
-0.210000000000000	1.01795744009392
-0.209500000000000	1.02031482639427
-0.209000000000000	1.02267717433948
-0.208500000000000	1.02504446718854
-0.208000000000000	1.02741668793525
-0.207500000000000	1.02979381930685
-0.207000000000000	1.03217584376264
-0.206500000000000	1.03456274349263
-0.206000000000000	1.03695450041616
-0.205500000000000	1.03935109618059
-0.205000000000000	1.04175251215992
-0.204500000000000	1.04415872945347
-0.204000000000000	1.04656972888455
-0.203500000000000	1.04898549099916
-0.203000000000000	1.05140599606464
-0.202500000000000	1.05383122406840
-0.202000000000000	1.05626115471658
-0.201500000000000	1.05869576743282
-0.201000000000000	1.06113504135694
-0.200500000000000	1.06357895534366
-0.200000000000000	1.06602748796138
-0.199500000000000	1.06848061749090
-0.199000000000000	1.07093832192415
-0.198500000000000	1.07340057896302
-0.198000000000000	1.07586736601808
-0.197500000000000	1.07833866020739
-0.197000000000000	1.08081443835529
-0.196500000000000	1.08329467699121
-0.196000000000000	1.08577935234847
-0.195500000000000	1.08826844036313
-0.195000000000000	1.09076191667283
-0.194500000000000	1.09325975661560
-0.194000000000000	1.09576193522869
-0.193500000000000	1.09826842724774
-0.193000000000000	1.10077920710518
-0.192500000000000	1.10329424892946
-0.192000000000000	1.10581352654388
-0.191500000000000	1.10833701346549
-0.191000000000000	1.11086468290405
-0.190500000000000	1.11339650776095
-0.190000000000000	1.11593246062822
-0.189500000000000	1.11847251378745
-0.189000000000000	1.12101663920880
-0.188500000000000	1.12356480855002
-0.188000000000000	1.12611699315542
-0.187500000000000	1.12867316405498
-0.187000000000000	1.13123329196329
-0.186500000000000	1.13379734727870
-0.186000000000000	1.13636530008236
-0.185500000000000	1.13893712013730
-0.185000000000000	1.14151277688755
-0.184500000000000	1.14409223945729
-0.184000000000000	1.14667547664991
-0.183500000000000	1.14926245694726
-0.183000000000000	1.15185314850875
-0.182500000000000	1.15444751917057
-0.182000000000000	1.15704553644489
-0.181500000000000	1.15964716751907
-0.181000000000000	1.16225237925492
-0.180500000000000	1.16486113818796
-0.180000000000000	1.16747341052665
-0.179500000000000	1.17008916215175
-0.179000000000000	1.17270835861557
-0.178500000000000	1.17533096514134
-0.178000000000000	1.17795694662256
-0.177500000000000	1.18058626762235
-0.177000000000000	1.18321889237282
-0.176500000000000	1.18585478477454
-0.176000000000000	1.18849390839592
-0.175500000000000	1.19113622647264
-0.175000000000000	1.19378170190719
-0.174500000000000	1.19643029726829
-0.174000000000000	1.19908197479042
-0.173500000000000	1.20173669637336
-0.173000000000000	1.20439442358175
-0.172500000000000	1.20705511764464
-0.172000000000000	1.20971873945508
-0.171500000000000	1.21238524956979
-0.171000000000000	1.21505460820872
-0.170500000000000	1.21772677525477
-0.170000000000000	1.22040171025348
-0.169500000000000	1.22307937241269
-0.169000000000000	1.22575972060230
-0.168500000000000	1.22844271335403
-0.168000000000000	1.23112830886119
-0.167500000000000	1.23381646497847
-0.167000000000000	1.23650713922179
-0.166500000000000	1.23920028876814
-0.166000000000000	1.24189587045543
-0.165500000000000	1.24459384078244
-0.165000000000000	1.24729415590870
-0.164500000000000	1.24999677165446
-0.164000000000000	1.25270164350067
-0.163500000000000	1.25540872658898
-0.163000000000000	1.25811797572175
-0.162500000000000	1.26082934536211
-0.162000000000000	1.26354278963406
-0.161500000000000	1.26625826232256
-0.161000000000000	1.26897571687366
-0.160500000000000	1.27169510639467
-0.160000000000000	1.27441638365435
-0.159500000000000	1.27713950108311
-0.159000000000000	1.27986441077326
-0.158500000000000	1.28259106447930
-0.158000000000000	1.28531941361819
-0.157500000000000	1.28804940926969
-0.157000000000000	1.29078100217672
-0.156500000000000	1.29351414274574
-0.156000000000000	1.29624878104717
-0.155500000000000	1.29898486681582
-0.155000000000000	1.30172234945137
-0.154500000000000	1.30446117801889
-0.154000000000000	1.30720130124932
-0.153500000000000	1.30994266754011
-0.153000000000000	1.31268522495573
-0.152500000000000	1.31542892122833
-0.152000000000000	1.31817370375843
-0.151500000000000	1.32091951961553
-0.151000000000000	1.32366631553922
-0.150500000000000	1.32641403793854
-0.150000000000000	1.32916263289478
-0.149500000000000	1.33191204616098
-0.149000000000000	1.33466222316307
-0.148500000000000	1.33741310900074
-0.148000000000000	1.34016464844837
-0.147500000000000	1.34291678595595
-0.147000000000000	1.34566946565004
-0.146500000000000	1.34842263133479
-0.146000000000000	1.35117622649296
-0.145500000000000	1.35393019428697
-0.145000000000000	1.35668447756004
-0.144500000000000	1.35943901883728
-0.144000000000000	1.36219376032690
-0.143500000000000	1.36494864392134
-0.143000000000000	1.36770361119858
-0.142500000000000	1.37045860342335
-0.142000000000000	1.37321356154846
-0.141500000000000	1.37596842621609
-0.141000000000000	1.37872313775924
-0.140500000000000	1.38147763620302
-0.140000000000000	1.38423186126620
-0.139500000000000	1.38698575236257
-0.139000000000000	1.38973924860255
-0.138500000000000	1.39249228879465
-0.138000000000000	1.39524481144706
-0.137500000000000	1.39799675476930
-0.137000000000000	1.40074805667381
-0.136500000000000	1.40349865477766
-0.136000000000000	1.40624848640426
-0.135500000000000	1.40899748858509
-0.135000000000000	1.41174559806151
-0.134500000000000	1.41449275128656
-0.134000000000000	1.41723888442681
-0.133500000000000	1.41998393336430
-0.133000000000000	1.42272783369838
-0.132500000000000	1.42547052074776
-0.132000000000000	1.42821192955243
-0.131500000000000	1.43095199487574
-0.131000000000000	1.43369065120648
-0.130500000000000	1.43642783276093
-0.130000000000000	1.43916347348504
-0.129500000000000	1.44189750705661
-0.129000000000000	1.44462986688747
-0.128500000000000	1.44736048612576
-0.128000000000000	1.45008929765821
-0.127500000000000	1.45281623411243
-0.127000000000000	1.45554122785930
-0.126500000000000	1.45826421101535
-0.126000000000000	1.46098511544517
-0.125500000000000	1.46370387276392
-0.125000000000000	1.46642041433978
-0.124500000000000	1.46913467129652
-0.124000000000000	1.47184657451605
-0.123500000000000	1.47455605464103
-0.123000000000000	1.47726304207755
-0.122500000000000	1.47996746699776
-0.122000000000000	1.48266925934261
-0.121500000000000	1.48536834882459
-0.121000000000000	1.48806466493055
-0.120500000000000	1.49075813692448
-0.120000000000000	1.49344869385039
-0.119500000000000	1.49613626453520
-0.119000000000000	1.49882077759170
-0.118500000000000	1.50150216142144
-0.118000000000000	1.50418034421783
-0.117500000000000	1.50685525396908
-0.117000000000000	1.50952681846135
-0.116500000000000	1.51219496528180
-0.116000000000000	1.51485962182176
-0.115500000000000	1.51752071527993
-0.115000000000000	1.52017817266551
-0.114500000000000	1.52283192080155
-0.114000000000000	1.52548188632814
-0.113500000000000	1.52812799570579
-0.113000000000000	1.53077017521874
-0.112500000000000	1.53340835097836
-0.112000000000000	1.53604244892658
-0.111500000000000	1.53867239483931
-0.111000000000000	1.54129811432994
-0.110500000000000	1.54391953285287
-0.110000000000000	1.54653657570706
-0.109500000000000	1.54914916803959
-0.109000000000000	1.55175723484933
-0.108500000000000	1.55436070099052
-0.108000000000000	1.55695949117651
-0.107500000000000	1.55955352998348
-0.107000000000000	1.56214274185415
-0.106500000000000	1.56472705110157
-0.106000000000000	1.56730638191296
-0.105500000000000	1.56988065835354
-0.105000000000000	1.57244980437040
-0.104500000000000	1.57501374379641
-0.104000000000000	1.57757240035416
-0.103500000000000	1.58012569765993
-0.103000000000000	1.58267355922768
-0.102500000000000	1.58521590847311
-0.102000000000000	1.58775266871767
-0.101500000000000	1.59028376319270
-0.101000000000000	1.59280911504351
-0.100500000000000	1.59532864733356
-0.0999999999999996	1.59784228304860
-0.0994999999999996	1.60034994510092
-0.0989999999999996	1.60285155633353
-0.0984999999999996	1.60534703952448
-0.0979999999999996	1.60783631739111
-0.0974999999999996	1.61031931259437
-0.0969999999999996	1.61279594774318
-0.0964999999999996	1.61526614539880
-0.0959999999999996	1.61772982807919
-0.0954999999999996	1.62018691826349
-0.0949999999999996	1.62263733839643
-0.0944999999999996	1.62508101089283
-0.0939999999999996	1.62751785814204
-0.0934999999999996	1.62994780251257
-0.0929999999999996	1.63237076635652
-0.0924999999999996	1.63478667201424
-0.0919999999999996	1.63719544181889
-0.0914999999999996	1.63959699810104
-0.0909999999999996	1.64199126319338
-0.0904999999999996	1.64437815943432
-0.0899999999999996	1.64675760917660
-0.0894999999999996	1.64912953478623
-0.0889999999999996	1.65149385865104
-0.0884999999999996	1.65385050318446
-0.0879999999999996	1.65619939083030
-0.0874999999999996	1.65854044406754
-0.0869999999999996	1.66087358541514
-0.0864999999999996	1.66319873743688
-0.0859999999999996	1.66551582274619
-0.0854999999999996	1.66782476401103
-0.0849999999999996	1.67012548395876
-0.0844999999999996	1.67241790538105
-0.0839999999999996	1.67470195113880
-0.0834999999999996	1.67697754416706
-0.0829999999999996	1.67924460748000
-0.0824999999999996	1.68150306417586
-0.0819999999999996	1.68375283744194
-0.0814999999999996	1.68599385055958
-0.0809999999999996	1.68822602690920
-0.0804999999999996	1.69044928997529
-0.0799999999999996	1.69266356335147
-0.0794999999999996	1.69486877074550
-0.0789999999999996	1.69706483598441
-0.0784999999999996	1.69925168301949
-0.0779999999999996	1.70142923593145
-0.0774999999999996	1.70359741893543
-0.0769999999999996	1.70575615638620
-0.0764999999999996	1.70790537278320
-0.0759999999999996	1.71004499277567
-0.0754999999999996	1.71217494116782
-0.0749999999999996	1.71429514292393
-0.0744999999999996	1.71640552317352
-0.0739999999999996	1.71850600721647
-0.0734999999999996	1.72059652052824
-0.0729999999999996	1.72267698876494
-0.0724999999999996	1.72474733776861
-0.0719999999999996	1.72680749357229
-0.0714999999999996	1.72885738240528
-0.0709999999999996	1.73089693069828
-0.0704999999999996	1.73292606508858
-0.0699999999999996	1.73494471242524
-0.0694999999999996	1.73695279977429
-0.0689999999999996	1.73895025442395
-0.0684999999999996	1.74093700388974
-0.0679999999999996	1.74291297591976
-0.0674999999999996	1.74487809849980
-0.0669999999999996	1.74683229985861
-0.0664999999999996	1.74877550847302
-0.0659999999999996	1.75070765307314
-0.0654999999999996	1.75262866264758
-0.0649999999999996	1.75453846644857
-0.0644999999999996	1.75643699399718
-0.0639999999999996	1.75832417508849
-0.0634999999999996	1.76019993979670
-0.0629999999999996	1.76206421848035
-0.0624999999999996	1.76391694178745
-0.0619999999999996	1.76575804066061
-0.0614999999999996	1.76758744634219
-0.0609999999999996	1.76940509037945
-0.0604999999999996	1.77121090462963
-0.0599999999999996	1.77300482126507
-0.0594999999999996	1.77478677277833
-0.0589999999999996	1.77655669198729
-0.0584999999999996	1.77831451204016
-0.0579999999999996	1.78006016642062
-0.0574999999999996	1.78179358895284
-0.0569999999999996	1.78351471380654
-0.0564999999999996	1.78522347550197
-0.0559999999999996	1.78691980891497
-0.0554999999999996	1.78860364928196
-0.0549999999999996	1.79027493220489
-0.0544999999999996	1.79193359365623
-0.0539999999999996	1.79357956998394
-0.0534999999999996	1.79521279791633
-0.0529999999999996	1.79683321456705
-0.0524999999999996	1.79844075743993
-0.0519999999999996	1.80003536443388
-0.0514999999999996	1.80161697384773
-0.0509999999999996	1.80318552438508
-0.0504999999999996	1.80474095515909
-0.0499999999999996	1.80628320569729
-0.0494999999999996	1.80781221594633
-0.0489999999999996	1.80932792627674
-0.0484999999999996	1.81083027748766
-0.0479999999999996	1.81231921081149
-0.0474999999999996	1.81379466791862
-0.0469999999999996	1.81525659092203
-0.0464999999999996	1.81670492238194
-0.0459999999999996	1.81813960531040
-0.0454999999999996	1.81956058317584
-0.0449999999999996	1.82096779990761
-0.0444999999999996	1.82236119990051
-0.0439999999999996	1.82374072801925
-0.0434999999999996	1.82510632960293
-0.0429999999999996	1.82645795046940
-0.0424999999999996	1.82779553691973
-0.0419999999999996	1.82911903574251
-0.0414999999999996	1.83042839421819
-0.0409999999999996	1.83172356012339
-0.0404999999999996	1.83300448173514
-0.0399999999999996	1.83427110783513
-0.0394999999999996	1.83552338771387
-0.0389999999999996	1.83676127117490
-0.0384999999999996	1.83798470853884
-0.0379999999999996	1.83919365064755
-0.0374999999999996	1.84038804886812
-0.0369999999999996	1.84156785509694
-0.0364999999999996	1.84273302176361
-0.0359999999999996	1.84388350183496
-0.0354999999999996	1.84501924881884
-0.0349999999999996	1.84614021676810
-0.0344999999999996	1.84724636028432
-0.0339999999999996	1.84833763452162
-0.0334999999999996	1.84941399519040
-0.0329999999999996	1.85047539856106
-0.0324999999999996	1.85152180146759
-0.0319999999999996	1.85255316131125
-0.0314999999999996	1.85356943606412
-0.0309999999999996	1.85457058427262
-0.0304999999999996	1.85555656506098
-0.0299999999999996	1.85652733813472
-0.0294999999999996	1.85748286378399
-0.0289999999999996	1.85842310288698
-0.0284999999999996	1.85934801691317
-0.0279999999999996	1.86025756792662
-0.0274999999999996	1.86115171858917
-0.0269999999999996	1.86203043216361
-0.0264999999999996	1.86289367251677
-0.0259999999999996	1.86374140412264
-0.0254999999999996	1.86457359206534
-0.0249999999999996	1.86539020204211
-0.0244999999999996	1.86619120036624
-0.0239999999999996	1.86697655396993
-0.0234999999999996	1.86774623040713
-0.0229999999999996	1.86850019785628
-0.0224999999999996	1.86923842512307
-0.0219999999999996	1.86996088164308
-0.0214999999999996	1.87066753748441
-0.0209999999999996	1.87135836335025
-0.0204999999999996	1.87203333058140
-0.0199999999999996	1.87269241115869
-0.0194999999999996	1.87333557770547
-0.0189999999999996	1.87396280348987
-0.0184999999999996	1.87457406242718
-0.0179999999999996	1.87516932908205
-0.0174999999999996	1.87574857867070
-0.0169999999999996	1.87631178706307
-0.0164999999999996	1.87685893078486
-0.0159999999999996	1.87738998701963
-0.0154999999999996	1.87790493361072
-0.0149999999999996	1.87840374906315
-0.0144999999999996	1.87888641254555
-0.0139999999999996	1.87935290389190
-0.0134999999999996	1.87980320360333
-0.0129999999999996	1.88023729284975
-0.0124999999999996	1.88065515347154
-0.0119999999999996	1.88105676798110
-0.0114999999999996	1.88144211956438
-0.0109999999999996	1.88181119208233
-0.0104999999999996	1.88216397007230
-0.00999999999999957	1.88250043874941
-0.00949999999999956	1.88282058400782
-0.00899999999999956	1.88312439242193
-0.00849999999999956	1.88341185124762
-0.00799999999999956	1.88368294842328
-0.00749999999999956	1.88393767257093
-0.00699999999999956	1.88417601299716
-0.00649999999999956	1.88439795969409
-0.00599999999999956	1.88460350334024
-0.00549999999999956	1.88479263530134
-0.00499999999999956	1.88496534763108
-0.00449999999999956	1.88512163307181
-0.00399999999999956	1.88526148505516
-0.00349999999999956	1.88538489770265
-0.00299999999999956	1.88549186582616
-0.00249999999999956	1.88558238492840
-0.00199999999999956	1.88565645120331
-0.00149999999999956	1.88571406153639
-0.000999999999999559	1.88575521350497
-0.000499999999999559	1.88577990537841
4.40619762898109e-16	1.88578813611828
0.000500000000000441	1.88577990537841
0.00100000000000044	1.88575521350497
0.00150000000000044	1.88571406153639
0.00200000000000044	1.88565645120331
0.00250000000000044	1.88558238492840
0.00300000000000044	1.88549186582616
0.00350000000000044	1.88538489770265
0.00400000000000044	1.88526148505516
0.00450000000000044	1.88512163307181
0.00500000000000044	1.88496534763108
0.00550000000000044	1.88479263530134
0.00600000000000044	1.88460350334024
0.00650000000000044	1.88439795969409
0.00700000000000044	1.88417601299716
0.00750000000000044	1.88393767257093
0.00800000000000044	1.88368294842328
0.00850000000000045	1.88341185124762
0.00900000000000045	1.88312439242193
0.00950000000000045	1.88282058400781
0.0100000000000004	1.88250043874941
0.0105000000000004	1.88216397007230
0.0110000000000004	1.88181119208233
0.0115000000000004	1.88144211956438
0.0120000000000004	1.88105676798110
0.0125000000000004	1.88065515347154
0.0130000000000004	1.88023729284975
0.0135000000000005	1.87980320360333
0.0140000000000005	1.87935290389190
0.0145000000000005	1.87888641254555
0.0150000000000005	1.87840374906315
0.0155000000000005	1.87790493361072
0.0160000000000005	1.87738998701963
0.0165000000000005	1.87685893078486
0.0170000000000005	1.87631178706306
0.0175000000000005	1.87574857867070
0.0180000000000005	1.87516932908205
0.0185000000000005	1.87457406242718
0.0190000000000005	1.87396280348987
0.0195000000000005	1.87333557770547
0.0200000000000005	1.87269241115869
0.0205000000000005	1.87203333058139
0.0210000000000005	1.87135836335025
0.0215000000000005	1.87066753748441
0.0220000000000005	1.86996088164308
0.0225000000000005	1.86923842512307
0.0230000000000005	1.86850019785628
0.0235000000000005	1.86774623040713
0.0240000000000005	1.86697655396993
0.0245000000000005	1.86619120036624
0.0250000000000005	1.86539020204211
0.0255000000000005	1.86457359206534
0.0260000000000005	1.86374140412264
0.0265000000000005	1.86289367251677
0.0270000000000005	1.86203043216360
0.0275000000000005	1.86115171858917
0.0280000000000005	1.86025756792662
0.0285000000000005	1.85934801691317
0.0290000000000005	1.85842310288698
0.0295000000000005	1.85748286378399
0.0300000000000005	1.85652733813472
0.0305000000000005	1.85555656506098
0.0310000000000005	1.85457058427262
0.0315000000000005	1.85356943606412
0.0320000000000005	1.85255316131125
0.0325000000000005	1.85152180146758
0.0330000000000005	1.85047539856105
0.0335000000000005	1.84941399519040
0.0340000000000005	1.84833763452162
0.0345000000000005	1.84724636028432
0.0350000000000005	1.84614021676810
0.0355000000000005	1.84501924881884
0.0360000000000005	1.84388350183495
0.0365000000000005	1.84273302176361
0.0370000000000005	1.84156785509694
0.0375000000000005	1.84038804886812
0.0380000000000005	1.83919365064754
0.0385000000000005	1.83798470853884
0.0390000000000005	1.83676127117490
0.0395000000000005	1.83552338771387
0.0400000000000005	1.83427110783513
0.0405000000000005	1.83300448173514
0.0410000000000005	1.83172356012338
0.0415000000000005	1.83042839421819
0.0420000000000005	1.82911903574251
0.0425000000000005	1.82779553691973
0.0430000000000005	1.82645795046940
0.0435000000000005	1.82510632960292
0.0440000000000005	1.82374072801925
0.0445000000000005	1.82236119990051
0.0450000000000005	1.82096779990761
0.0455000000000005	1.81956058317584
0.0460000000000005	1.81813960531040
0.0465000000000005	1.81670492238194
0.0470000000000005	1.81525659092203
0.0475000000000005	1.81379466791862
0.0480000000000005	1.81231921081149
0.0485000000000005	1.81083027748766
0.0490000000000005	1.80932792627674
0.0495000000000005	1.80781221594633
0.0500000000000005	1.80628320569728
0.0505000000000005	1.80474095515909
0.0510000000000005	1.80318552438508
0.0515000000000005	1.80161697384773
0.0520000000000005	1.80003536443388
0.0525000000000005	1.79844075743993
0.0530000000000005	1.79683321456705
0.0535000000000005	1.79521279791633
0.0540000000000005	1.79357956998394
0.0545000000000005	1.79193359365623
0.0550000000000005	1.79027493220488
0.0555000000000005	1.78860364928195
0.0560000000000005	1.78691980891497
0.0565000000000005	1.78522347550196
0.0570000000000005	1.78351471380653
0.0575000000000005	1.78179358895284
0.0580000000000005	1.78006016642061
0.0585000000000005	1.77831451204015
0.0590000000000005	1.77655669198728
0.0595000000000005	1.77478677277833
0.0600000000000005	1.77300482126506
0.0605000000000005	1.77121090462962
0.0610000000000005	1.76940509037945
0.0615000000000005	1.76758744634219
0.0620000000000005	1.76575804066060
0.0625000000000005	1.76391694178744
0.0630000000000005	1.76206421848035
0.0635000000000005	1.76019993979669
0.0640000000000005	1.75832417508848
0.0645000000000005	1.75643699399718
0.0650000000000005	1.75453846644856
0.0655000000000005	1.75262866264757
0.0660000000000005	1.75070765307314
0.0665000000000005	1.74877550847301
0.0670000000000005	1.74683229985861
0.0675000000000005	1.74487809849980
0.0680000000000005	1.74291297591975
0.0685000000000005	1.74093700388974
0.0690000000000005	1.73895025442394
0.0695000000000005	1.73695279977429
0.0700000000000005	1.73494471242523
0.0705000000000005	1.73292606508857
0.0710000000000005	1.73089693069828
0.0715000000000005	1.72885738240528
0.0720000000000005	1.72680749357229
0.0725000000000005	1.72474733776860
0.0730000000000005	1.72267698876494
0.0735000000000005	1.72059652052823
0.0740000000000005	1.71850600721647
0.0745000000000005	1.71640552317351
0.0750000000000005	1.71429514292393
0.0755000000000005	1.71217494116782
0.0760000000000005	1.71004499277567
0.0765000000000005	1.70790537278319
0.0770000000000005	1.70575615638620
0.0775000000000005	1.70359741893543
0.0780000000000005	1.70142923593144
0.0785000000000005	1.69925168301949
0.0790000000000005	1.69706483598440
0.0795000000000005	1.69486877074550
0.0800000000000005	1.69266356335146
0.0805000000000005	1.69044928997529
0.0810000000000005	1.68822602690920
0.0815000000000005	1.68599385055958
0.0820000000000005	1.68375283744193
0.0825000000000005	1.68150306417586
0.0830000000000005	1.67924460748000
0.0835000000000005	1.67697754416706
0.0840000000000005	1.67470195113880
0.0845000000000005	1.67241790538105
0.0850000000000005	1.67012548395876
0.0855000000000005	1.66782476401103
0.0860000000000005	1.66551582274619
0.0865000000000005	1.66319873743687
0.0870000000000005	1.66087358541513
0.0875000000000005	1.65854044406753
0.0880000000000005	1.65619939083029
0.0885000000000005	1.65385050318446
0.0890000000000005	1.65149385865104
0.0895000000000005	1.64912953478623
0.0900000000000005	1.64675760917659
0.0905000000000005	1.64437815943431
0.0910000000000005	1.64199126319337
0.0915000000000005	1.63959699810104
0.0920000000000005	1.63719544181888
0.0925000000000005	1.63478667201424
0.0930000000000005	1.63237076635651
0.0935000000000005	1.62994780251256
0.0940000000000005	1.62751785814204
0.0945000000000005	1.62508101089282
0.0950000000000005	1.62263733839643
0.0955000000000005	1.62018691826349
0.0960000000000005	1.61772982807918
0.0965000000000005	1.61526614539879
0.0970000000000005	1.61279594774318
0.0975000000000005	1.61031931259437
0.0980000000000005	1.60783631739111
0.0985000000000005	1.60534703952448
0.0990000000000005	1.60285155633353
0.0995000000000005	1.60034994510091
0.100000000000001	1.59784228304860
0.100500000000001	1.59532864733356
0.101000000000001	1.59280911504351
0.101500000000001	1.59028376319270
0.102000000000001	1.58775266871767
0.102500000000001	1.58521590847310
0.103000000000001	1.58267355922768
0.103500000000001	1.58012569765992
0.104000000000001	1.57757240035416
0.104500000000001	1.57501374379641
0.105000000000001	1.57244980437040
0.105500000000001	1.56988065835354
0.106000000000001	1.56730638191296
0.106500000000001	1.56472705110156
0.107000000000001	1.56214274185414
0.107500000000001	1.55955352998348
0.108000000000001	1.55695949117651
0.108500000000001	1.55436070099051
0.109000000000001	1.55175723484932
0.109500000000001	1.54914916803959
0.110000000000001	1.54653657570705
0.110500000000001	1.54391953285286
0.111000000000001	1.54129811432993
0.111500000000001	1.53867239483930
0.112000000000001	1.53604244892658
0.112500000000001	1.53340835097836
0.113000000000001	1.53077017521873
0.113500000000001	1.52812799570578
0.114000000000001	1.52548188632814
0.114500000000001	1.52283192080154
0.115000000000001	1.52017817266551
0.115500000000001	1.51752071527992
0.116000000000001	1.51485962182176
0.116500000000001	1.51219496528179
0.117000000000001	1.50952681846134
0.117500000000001	1.50685525396907
0.118000000000001	1.50418034421782
0.118500000000001	1.50150216142144
0.119000000000001	1.49882077759169
0.119500000000001	1.49613626453520
0.120000000000001	1.49344869385038
0.120500000000001	1.49075813692447
0.121000000000001	1.48806466493055
0.121500000000001	1.48536834882459
0.122000000000001	1.48266925934260
0.122500000000001	1.47996746699776
0.123000000000001	1.47726304207755
0.123500000000001	1.47455605464103
0.124000000000001	1.47184657451604
0.124500000000001	1.46913467129651
0.125000000000001	1.46642041433978
0.125500000000001	1.46370387276392
0.126000000000001	1.46098511544517
0.126500000000001	1.45826421101534
0.127000000000001	1.45554122785930
0.127500000000001	1.45281623411243
0.128000000000001	1.45008929765821
0.128500000000001	1.44736048612576
0.129000000000001	1.44462986688746
0.129500000000001	1.44189750705660
0.130000000000001	1.43916347348503
0.130500000000001	1.43642783276092
0.131000000000001	1.43369065120647
0.131500000000001	1.43095199487574
0.132000000000001	1.42821192955242
0.132500000000001	1.42547052074775
0.133000000000001	1.42272783369838
0.133500000000001	1.41998393336430
0.134000000000001	1.41723888442681
0.134500000000001	1.41449275128655
0.135000000000001	1.41174559806150
0.135500000000001	1.40899748858509
0.136000000000001	1.40624848640426
0.136500000000001	1.40349865477766
0.137000000000001	1.40074805667381
0.137500000000001	1.39799675476930
0.138000000000001	1.39524481144706
0.138500000000001	1.39249228879464
0.139000000000001	1.38973924860255
0.139500000000001	1.38698575236257
0.140000000000001	1.38423186126619
0.140500000000001	1.38147763620302
0.141000000000001	1.37872313775923
0.141500000000001	1.37596842621609
0.142000000000001	1.37321356154845
0.142500000000001	1.37045860342335
0.143000000000001	1.36770361119858
0.143500000000001	1.36494864392134
0.144000000000001	1.36219376032689
0.144500000000001	1.35943901883728
0.145000000000001	1.35668447756003
0.145500000000001	1.35393019428696
0.146000000000001	1.35117622649295
0.146500000000001	1.34842263133479
0.147000000000001	1.34566946565004
0.147500000000001	1.34291678595595
0.148000000000001	1.34016464844837
0.148500000000001	1.33741310900073
0.149000000000001	1.33466222316306
0.149500000000001	1.33191204616098
0.150000000000001	1.32916263289478
0.150500000000001	1.32641403793854
0.151000000000001	1.32366631553922
0.151500000000001	1.32091951961553
0.152000000000001	1.31817370375843
0.152500000000001	1.31542892122833
0.153000000000001	1.31268522495572
0.153500000000001	1.30994266754011
0.154000000000001	1.30720130124932
0.154500000000001	1.30446117801888
0.155000000000001	1.30172234945137
0.155500000000001	1.29898486681581
0.156000000000001	1.29624878104716
0.156500000000001	1.29351414274573
0.157000000000001	1.29078100217671
0.157500000000001	1.28804940926968
0.158000000000001	1.28531941361818
0.158500000000001	1.28259106447930
0.159000000000001	1.27986441077326
0.159500000000001	1.27713950108310
0.160000000000001	1.27441638365435
0.160500000000001	1.27169510639467
0.161000000000001	1.26897571687366
0.161500000000001	1.26625826232255
0.162000000000001	1.26354278963405
0.162500000000001	1.26082934536210
0.163000000000001	1.25811797572174
0.163500000000001	1.25540872658898
0.164000000000001	1.25270164350067
0.164500000000001	1.24999677165446
0.165000000000001	1.24729415590869
0.165500000000001	1.24459384078243
0.166000000000001	1.24189587045542
0.166500000000001	1.23920028876813
0.167000000000001	1.23650713922179
0.167500000000001	1.23381646497847
0.168000000000001	1.23112830886118
0.168500000000001	1.22844271335403
0.169000000000001	1.22575972060229
0.169500000000001	1.22307937241268
0.170000000000001	1.22040171025348
0.170500000000001	1.21772677525477
0.171000000000001	1.21505460820871
0.171500000000001	1.21238524956978
0.172000000000001	1.20971873945508
0.172500000000001	1.20705511764463
0.173000000000001	1.20439442358175
0.173500000000001	1.20173669637336
0.174000000000001	1.19908197479041
0.174500000000001	1.19643029726828
0.175000000000001	1.19378170190719
0.175500000000001	1.19113622647264
0.176000000000001	1.18849390839591
0.176500000000001	1.18585478477454
0.177000000000001	1.18321889237282
0.177500000000001	1.18058626762234
0.178000000000001	1.17795694662256
0.178500000000001	1.17533096514134
0.179000000000001	1.17270835861556
0.179500000000001	1.17008916215174
0.180000000000001	1.16747341052665
0.180500000000001	1.16486113818795
0.181000000000001	1.16225237925492
0.181500000000001	1.15964716751906
0.182000000000001	1.15704553644488
0.182500000000001	1.15444751917056
0.183000000000001	1.15185314850875
0.183500000000001	1.14926245694726
0.184000000000001	1.14667547664991
0.184500000000001	1.14409223945728
0.185000000000001	1.14151277688755
0.185500000000001	1.13893712013729
0.186000000000001	1.13636530008235
0.186500000000001	1.13379734727869
0.187000000000001	1.13123329196328
0.187500000000001	1.12867316405497
0.188000000000001	1.12611699315542
0.188500000000001	1.12356480855001
0.189000000000001	1.12101663920880
0.189500000000001	1.11847251378744
0.190000000000001	1.11593246062822
0.190500000000001	1.11339650776095
0.191000000000001	1.11086468290404
0.191500000000001	1.10833701346549
0.192000000000001	1.10581352654388
0.192500000000001	1.10329424892946
0.193000000000001	1.10077920710518
0.193500000000001	1.09826842724774
0.194000000000001	1.09576193522869
0.194500000000001	1.09325975661559
0.195000000000001	1.09076191667282
0.195500000000001	1.08826844036313
0.196000000000001	1.08577935234846
0.196500000000001	1.08329467699120
0.197000000000001	1.08081443835529
0.197500000000001	1.07833866020739
0.198000000000001	1.07586736601808
0.198500000000001	1.07340057896302
0.199000000000001	1.07093832192415
0.199500000000001	1.06848061749089
0.200000000000001	1.06602748796138
0.200500000000001	1.06357895534366
0.201000000000001	1.06113504135693
0.201500000000001	1.05869576743282
0.202000000000001	1.05626115471658
0.202500000000001	1.05383122406839
0.203000000000001	1.05140599606464
0.203500000000001	1.04898549099916
0.204000000000001	1.04656972888455
0.204500000000001	1.04415872945346
0.205000000000001	1.04175251215992
0.205500000000001	1.03935109618059
0.206000000000001	1.03695450041616
0.206500000000001	1.03456274349262
0.207000000000001	1.03217584376264
0.207500000000001	1.02979381930684
0.208000000000001	1.02741668793524
0.208500000000001	1.02504446718853
0.209000000000001	1.02267717433947
0.209500000000001	1.02031482639427
0.210000000000001	1.01795744009392
0.210500000000001	1.01560503191563
0.211000000000001	1.01325761807416
0.211500000000001	1.01091521452325
0.212000000000001	1.00857783695701
0.212500000000001	1.00624550081132
0.213000000000001	1.00391822126523
0.213500000000001	1.00159601324236
0.214000000000001	0.999278891412378
0.214500000000001	0.996966870192347
0.215000000000001	0.994659963748195
0.215500000000001	0.992358185996137
0.216000000000001	0.990061550604102
0.216500000000001	0.987770070993178
0.217000000000001	0.985483760339052
0.217500000000001	0.983202631573453
0.218000000000001	0.980926697385602
0.218500000000001	0.978655970223666
0.219000000000001	0.976390462296209
0.219500000000001	0.974130185573649
0.220000000000001	0.971875151789722
0.220500000000001	0.969625372442941
0.221000000000001	0.967380858798063
0.221500000000001	0.965141621887555
0.222000000000001	0.962907672513063
0.222500000000001	0.960679021246883
0.223000000000001	0.958455678433435
0.223500000000001	0.956237654190736
0.224000000000001	0.954024958411875
0.224500000000001	0.951817600766492
0.225000000000001	0.949615590702255
0.225500000000001	0.947418937446332
0.226000000000001	0.945227650006902
0.226500000000001	0.943041737174586
0.227000000000001	0.940861207523964
0.227500000000001	0.938686069415048
0.228000000000001	0.936516330994762
0.228500000000001	0.934352000198426
0.229000000000001	0.932193084751237
0.229500000000001	0.930039592169752
0.230000000000001	0.927891529763371
0.230500000000001	0.925748904635816
0.231000000000001	0.923611723686614
0.231500000000001	0.921479993612578
0.232000000000001	0.919353720909286
0.232500000000001	0.917232911872560
0.233000000000001	0.915117572599942
0.233500000000001	0.913007708992177
0.234000000000001	0.910903326754682
0.234500000000001	0.908804431399026
0.235000000000001	0.906711028244398
0.235500000000001	0.904623122419082
0.236000000000001	0.902540718861928
0.236500000000001	0.900463822323815
0.237000000000001	0.898392437369124
0.237500000000001	0.896326568377195
0.238000000000001	0.894266219543798
0.238500000000001	0.892211394882583
0.239000000000001	0.890162098226548
0.239500000000001	0.888118333229486
0.240000000000001	0.886080103367444
0.240500000000001	0.884047411940170
0.241000000000001	0.882020262072562
0.241500000000001	0.879998656716114
0.242000000000001	0.877982598650355
0.242500000000001	0.875972090484293
0.243000000000001	0.873967134657845
0.243500000000001	0.871967733443279
0.244000000000001	0.869973888946633
0.244500000000001	0.867985603109150
0.245000000000001	0.866002877708699
0.245500000000001	0.864025714361192
0.246000000000001	0.862054114522006
0.246500000000001	0.860088079487387
0.247000000000001	0.858127610395870
0.247500000000001	0.856172708229672
0.248000000000001	0.854223373816106
0.248500000000001	0.852279607828966
0.249000000000001	0.850341410789930
0.249500000000001	0.848408783069945
0.250000000000001	0.846481724890612
0.250500000000001	0.844560236325568
0.251000000000001	0.842644317301863
0.251500000000001	0.840733967601333
0.252000000000001	0.838829186861965
0.252500000000001	0.836929974579262
0.253000000000001	0.835036330107607
0.253500000000001	0.833148252661606
0.254000000000001	0.831265741317450
0.254500000000001	0.829388795014253
0.255000000000001	0.827517412555391
0.255500000000001	0.825651592609845
0.256000000000001	0.823791333713524
0.256500000000001	0.821936634270593
0.257000000000001	0.820087492554794
0.257500000000001	0.818243906710765
0.258000000000001	0.816405874755342
0.258500000000001	0.814573394578872
0.259000000000001	0.812746463946512
0.259500000000001	0.810925080499519
0.260000000000001	0.809109241756547
0.260500000000001	0.807298945114924
0.261000000000001	0.805494187851938
0.261500000000001	0.803694967126103
0.262000000000001	0.801901279978435
0.262500000000001	0.800113123333709
0.263000000000001	0.798330494001718
0.263500000000001	0.796553388678523
0.264000000000001	0.794781803947704
0.264500000000001	0.793015736281593
0.265000000000001	0.791255182042514
0.265500000000001	0.789500137484010
0.266000000000001	0.787750598752066
0.266500000000001	0.786006561886325
0.267000000000001	0.784268022821305
0.267500000000001	0.782534977387598
0.268000000000001	0.780807421313074
0.268500000000001	0.779085350224074
0.269000000000001	0.777368759646596
0.269500000000001	0.775657645007482
0.270000000000001	0.773952001635591
0.270500000000001	0.772251824762966
0.271000000000001	0.770557109526007
0.271500000000001	0.768867850966619
0.272000000000001	0.767184044033372
0.272500000000001	0.765505683582643
0.273000000000001	0.763832764379757
0.273500000000001	0.762165281100119
0.274000000000001	0.760503228330345
0.274500000000001	0.758846600569383
0.275000000000001	0.757195392229633
0.275500000000001	0.755549597638027
0.276000000000001	0.753909211037181
0.276500000000001	0.752274226586455
0.277000000000001	0.750644638363056
0.277500000000001	0.749020440363123
0.278000000000001	0.747401626502801
0.278500000000001	0.745788190619315
0.279000000000001	0.744180126472036
0.279500000000001	0.742577427743541
0.280000000000001	0.740980088040665
0.280500000000001	0.739388100895544
0.281000000000001	0.737801459766664
0.281500000000001	0.736220158039888
0.282000000000001	0.734644189029485
0.282500000000001	0.733073545979155
0.283000000000001	0.731508222063041
0.283500000000001	0.729948210386738
0.284000000000001	0.728393503988299
0.284500000000001	0.726844095839225
0.285000000000001	0.725299978845463
0.285500000000001	0.723761145848383
0.286000000000001	0.722227589625757
0.286500000000001	0.720699302892734
0.287000000000001	0.719176278302799
0.287500000000001	0.717658508448734
0.288000000000001	0.716145985863572
0.288500000000001	0.714638703021539
0.289000000000001	0.713136652338996
0.289500000000001	0.711639826175373
0.290000000000001	0.710148216834092
0.290500000000001	0.708661816563491
0.291000000000001	0.707180617557739
0.291500000000001	0.705704611957741
0.292000000000001	0.704233791852041
0.292500000000001	0.702768149277719
0.293000000000001	0.701307676221278
0.293500000000001	0.699852364619531
0.294000000000001	0.698402206360471
0.294500000000001	0.696957193284149
0.295000000000001	0.695517317183533
0.295500000000001	0.694082569805369
0.296000000000001	0.692652942851034
0.296500000000001	0.691228427977376
0.297000000000001	0.689809016797563
0.297500000000001	0.688394700881906
0.298000000000001	0.686985471758696
0.298500000000001	0.685581320915019
0.299000000000001	0.684182239797574
0.299500000000001	0.682788219813479
0.300000000000001	0.681399252331080
0.300500000000001	0.680015328680739
0.301000000000001	0.678636440155635
0.301500000000001	0.677262578012540
0.302000000000001	0.675893733472604
0.302500000000001	0.674529897722123
0.303000000000001	0.673171061913310
0.303500000000001	0.671817217165054
0.304000000000001	0.670468354563674
0.304500000000001	0.669124465163668
0.305000000000001	0.667785539988460
0.305500000000001	0.666451570031130
0.306000000000001	0.665122546255075
0.306500000000001	0.663798459595033
0.307000000000001	0.662479300957360
0.307500000000001	0.661165061221034
0.308000000000001	0.659855731238289
0.308500000000001	0.658551301835321
0.309000000000001	0.657251763812983
0.309500000000001	0.655957107947475
0.310000000000001	0.654667324991030
0.310500000000001	0.653382405672592
0.311000000000001	0.652102340698492
0.311500000000001	0.650827120753113
0.312000000000001	0.649556736499556
0.312500000000001	0.648291178580295
0.313000000000001	0.647030437617824
0.313500000000001	0.645774504215313
0.314000000000001	0.644523368957236
0.314500000000001	0.643277022410015
0.315000000000001	0.642035455122645
0.315500000000001	0.640798657627318
0.316000000000001	0.639566620440040
0.316500000000001	0.638339334061248
0.317000000000001	0.637116788976413
0.317500000000001	0.635898975656644
0.318000000000001	0.634685884559287
0.318500000000001	0.633477506128511
0.319000000000001	0.632273830795898
0.319500000000001	0.631074848981024
0.320000000000001	0.629880551092033
0.320500000000001	0.628690927526209
0.321000000000001	0.627505968670538
0.321500000000001	0.626325664902274
0.322000000000001	0.625150006589489
0.322500000000001	0.623978984091622
0.323000000000001	0.622812587760030
0.323500000000001	0.621650807938521
0.324000000000001	0.620493634963892
0.324500000000001	0.619341059166459
0.325000000000001	0.618193070870580
0.325500000000001	0.617049660395177
0.326000000000001	0.615910818054246
0.326500000000001	0.614776534157375
0.327000000000001	0.613646799010240
0.327500000000001	0.612521602915113
0.328000000000001	0.611400936171352
0.328500000000001	0.610284789075896
0.329000000000001	0.609173151923746
0.329500000000001	0.608066015008449
0.330000000000001	0.606963368622577
0.330500000000001	0.605865203058192
0.331000000000001	0.604771508607320
0.331500000000001	0.603682275562409
0.332000000000001	0.602597494216789
0.332500000000001	0.601517154865125
0.333000000000001	0.600441247803865
0.333500000000001	0.599369763331684
0.334000000000001	0.598302691749927
0.334500000000001	0.597240023363040
0.335000000000001	0.596181748479003
0.335500000000001	0.595127857409757
0.336000000000001	0.594078340471626
0.336500000000001	0.593033187985733
0.337000000000001	0.591992390278417
0.337500000000001	0.590955937681637
0.338000000000001	0.589923820533383
0.338500000000001	0.588896029178072
0.339000000000001	0.587872553966947
0.339500000000001	0.586853385258467
0.340000000000001	0.585838513418699
0.340500000000001	0.584827928821698
0.341000000000001	0.583821621849891
0.341500000000001	0.582819582894448
0.342000000000001	0.581821802355657
0.342500000000001	0.580828270643295
0.343000000000001	0.579838978176983
0.343500000000001	0.578853915386555
0.344000000000001	0.577873072712408
0.344500000000001	0.576896440605860
0.345000000000001	0.575924009529489
0.345500000000001	0.574955769957489
0.346000000000001	0.573991712376000
0.346500000000001	0.573031827283451
0.347000000000001	0.572076105190893
0.347500000000001	0.571124536622324
0.348000000000001	0.570177112115020
0.348500000000001	0.569233822219853
0.349000000000001	0.568294657501965
0.349500000000001	0.567359608539687
0.350000000000001	0.566428665926911
0.350500000000001	0.565501820272046
0.351000000000001	0.564579062198652
0.351500000000001	0.563660382345744
0.352000000000001	0.562745771368085
0.352500000000001	0.561835219936484
0.353000000000001	0.560928718738082
0.353500000000001	0.560026258476641
0.354000000000001	0.559127829872827
0.354500000000001	0.558233423664489
0.355000000000001	0.557343030606935
0.355500000000001	0.556456641473209
0.356000000000001	0.555574247054358
0.356500000000001	0.554695838159697
0.357000000000001	0.553821405617077
0.357500000000001	0.552950940273142
0.358000000000001	0.552084432993589
0.358500000000001	0.551221874663419
0.359000000000001	0.550363256187190
0.359500000000001	0.549508568489264
0.360000000000001	0.548657802514051
0.360500000000001	0.547810949226254
0.361000000000001	0.546967999611105
0.361500000000001	0.546128944674599
0.362000000000001	0.545293775443731
0.362500000000001	0.544462482966723
0.363000000000001	0.543635058313253
0.363500000000001	0.542811492574677
0.364000000000001	0.541991776864250
0.364500000000001	0.541175902317348
0.365000000000001	0.540363860091677
0.365500000000001	0.539555641367493
0.366000000000001	0.538751237347807
0.366500000000001	0.537950639258595
0.367000000000001	0.537153838348999
0.367500000000001	0.536360825891533
0.368000000000001	0.535571593182281
0.368500000000001	0.534786131541092
0.369000000000001	0.534004432311773
0.369500000000001	0.533226486862284
0.370000000000001	0.532452286584925
0.370500000000001	0.531681822896522
0.371000000000001	0.530915087238609
0.371500000000001	0.530152071077614
0.372000000000001	0.529392765905030
0.372500000000001	0.528637163237599
0.373000000000001	0.527885254617483
0.373500000000001	0.527137031612434
0.374000000000001	0.526392485815962
0.374500000000001	0.525651608847508
0.375000000000001	0.524914392352599
0.375500000000001	0.524180828003020
0.376000000000001	0.523450907496964
0.376500000000001	0.522724622559198
0.377000000000001	0.522001964941211
0.377500000000001	0.521282926421373
0.378000000000001	0.520567498805081
0.378500000000001	0.519855673924910
0.379000000000001	0.519147443640760
0.379500000000001	0.518442799839998
0.380000000000001	0.517741734437602
0.380500000000001	0.517044239376299
0.381000000000001	0.516350306626706
0.381500000000001	0.515659928187464
0.382000000000001	0.514973096085371
0.382500000000001	0.514289802375516
0.383000000000001	0.513610039141407
0.383500000000001	0.512933798495100
0.384000000000001	0.512261072577325
0.384500000000001	0.511591853557609
0.385000000000001	0.510926133634399
0.385500000000001	0.510263905035181
0.386000000000001	0.509605160016601
0.386500000000001	0.508949890864578
0.387000000000001	0.508298089894422
0.387500000000001	0.507649749450943
0.388000000000001	0.507004861908566
0.388500000000001	0.506363419671437
0.389000000000001	0.505725415173533
0.389500000000001	0.505090840878767
0.390000000000001	0.504459689281090
0.390500000000001	0.503831952904597
0.391000000000001	0.503207624303624
0.391500000000001	0.502586696062850
0.392000000000001	0.501969160797394
0.392500000000001	0.501355011152907
0.393000000000001	0.500744239805671
0.393500000000001	0.500136839462689
0.394000000000001	0.499532802861778
0.394500000000001	0.498932122771655
0.395000000000001	0.498334791992028
0.395500000000001	0.497740803353681
0.396000000000001	0.497150149718558
0.396500000000001	0.496562823979851
0.397000000000001	0.495978819062074
0.397500000000001	0.495398127921151
0.398000000000001	0.494820743544491
0.398500000000001	0.494246658951067
0.399000000000001	0.493675867191493
0.399500000000001	0.493108361348095
0.400000000000001	0.492544134534990
0.400500000000001	0.491983179898155
0.401000000000001	0.491425490615497
0.401500000000001	0.490871059896926
0.402000000000001	0.490319880984420
0.402500000000001	0.489771947152093
0.403000000000001	0.489227251706262
0.403500000000001	0.488685787985507
0.404000000000001	0.488147549360742
0.404500000000001	0.487612529235268
0.405000000000001	0.487080721044843
0.405500000000001	0.486552118257731
0.406000000000001	0.486026714374772
0.406500000000001	0.485504502929430
0.407000000000001	0.484985477487852
0.407500000000001	0.484469631648928
0.408000000000001	0.483956959044335
0.408500000000001	0.483447453338599
0.409000000000001	0.482941108229142
0.409500000000001	0.482437917445364
0.410000000000001	0.481937874752539
0.410500000000001	0.481440973946141
0.411000000000001	0.480947208855676
0.411500000000001	0.480456573343790
0.412000000000001	0.479969061306314
0.412500000000001	0.479484666672309
0.413000000000001	0.479003383404109
0.413500000000001	0.478525205497363
0.414000000000001	0.478050126981081
0.414500000000001	0.477578141917669
0.415000000000001	0.477109244402970
0.415500000000001	0.476643428566307
0.416000000000001	0.476180688570515
0.416500000000001	0.475721018611984
0.417000000000001	0.475264412920690
0.417500000000001	0.474810865760234
0.418000000000001	0.474360371427877
0.418500000000001	0.473912924254569
0.419000000000001	0.473468518604988
0.419500000000001	0.473027148877566
0.420000000000001	0.472588809504527
0.420500000000001	0.472153494951911
0.421000000000001	0.471721199719609
0.421500000000001	0.471291918341390
0.422000000000001	0.470865645384927
0.422500000000001	0.470442375451828
0.423000000000001	0.470022103177662
0.423500000000001	0.469604823231984
0.424000000000001	0.469190530318362
0.424500000000001	0.468779219174398
0.425000000000001	0.468370884571759
0.425500000000001	0.467965521316192
0.426000000000001	0.467563124247555
0.426500000000001	0.467163688239831
0.427000000000001	0.466767208201157
0.427500000000001	0.466373679073839
0.428000000000001	0.465983095834376
0.428500000000001	0.465595453493477
0.429000000000001	0.465210747096081
0.429500000000001	0.464828971721378
0.430000000000001	0.464450122482823
0.430500000000001	0.464074194528153
0.431000000000001	0.463701183039408
0.431500000000001	0.463331083232946
0.432000000000001	0.462963890359453
0.432500000000001	0.462599599703967
0.433000000000001	0.462238206585887
0.433500000000001	0.461879706358988
0.434000000000001	0.461524094411435
0.434500000000001	0.461171366165798
0.435000000000001	0.460821517079061
0.435500000000001	0.460474542642638
0.436000000000001	0.460130438382382
0.436500000000001	0.459789199858598
0.437000000000001	0.459450822666053
0.437500000000001	0.459115302433986
0.438000000000001	0.458782634826122
0.438500000000001	0.458452815540675
0.439000000000001	0.458125840310362
0.439500000000001	0.457801704902410
0.440000000000001	0.457480405118566
0.440500000000001	0.457161936795104
0.441000000000001	0.456846295802832
0.441500000000001	0.456533478047099
0.442000000000001	0.456223479467806
0.442500000000001	0.455916296039408
0.443000000000001	0.455611923770920
0.443500000000001	0.455310358705929
0.444000000000001	0.455011596922592
0.444500000000001	0.454715634533646
0.445000000000001	0.454422467686413
0.445500000000001	0.454132092562802
0.446000000000001	0.453844505379316
0.446500000000001	0.453559702387053
0.447000000000001	0.453277679871714
0.447500000000001	0.452998434153605
0.448000000000001	0.452721961587636
0.448500000000001	0.452448258563333
0.449000000000001	0.452177321504831
0.449500000000001	0.451909146870884
0.450000000000001	0.451643731154863
0.450500000000001	0.451381070884759
0.451000000000001	0.451121162623186
0.451500000000001	0.450864002967383
0.452000000000001	0.450609588549212
0.452500000000001	0.450357916035164
0.453000000000001	0.450108982126355
0.453500000000001	0.449862783558531
0.454000000000001	0.449619317102065
0.454500000000001	0.449378579561962
0.455000000000001	0.449140567777854
0.455500000000001	0.448905278624005
0.456000000000001	0.448672709009306
0.456500000000001	0.448442855877279
0.457000000000001	0.448215716206074
0.457500000000001	0.447991287008470
0.458000000000001	0.447769565331873
0.458500000000001	0.447550548258316
0.459000000000001	0.447334232904458
0.459500000000001	0.447120616421582
0.460000000000001	0.446909695995595
0.460500000000001	0.446701468847027
0.461000000000001	0.446495932231026
0.461500000000001	0.446293083437362
0.462000000000001	0.446092919790421
0.462500000000001	0.445895438649205
0.463000000000001	0.445700637407330
0.463500000000001	0.445508513493022
0.464000000000001	0.445319064369120
0.464500000000001	0.445132287533069
0.465000000000001	0.444948180516919
0.465500000000001	0.444766740887324
0.466000000000001	0.444587966245539
0.466500000000001	0.444411854227417
0.467000000000001	0.444238402503409
0.467500000000001	0.444067608778557
0.468000000000001	0.443899470792496
0.468500000000001	0.443733986319448
0.469000000000001	0.443571153168222
0.469500000000001	0.443410969182210
0.470000000000001	0.443253432239384
0.470500000000001	0.443098540252294
0.471000000000001	0.442946291168065
0.471500000000001	0.442796682968394
0.472000000000001	0.442649713669548
0.472500000000001	0.442505381322358
0.473000000000001	0.442363684012223
0.473500000000001	0.442224619859100
0.474000000000001	0.442088187017504
0.474500000000001	0.441954383676505
0.475000000000001	0.441823208059726
0.475500000000001	0.441694658425340
0.476000000000001	0.441568733066066
0.476500000000001	0.441445430309165
0.477000000000001	0.441324748516442
0.477500000000001	0.441206686084237
0.478000000000001	0.441091241443428
0.478500000000001	0.440978413059422
0.479000000000001	0.440868199432160
0.479500000000001	0.440760599096106
0.480000000000001	0.440655610620252
0.480500000000001	0.440553232608108
0.481000000000001	0.440453463697705
0.481500000000001	0.440356302561591
0.482000000000001	0.440261747906826
0.482500000000001	0.440169798474981
0.483000000000001	0.440080453042138
0.483500000000001	0.439993710418884
0.484000000000001	0.439909569450311
0.484500000000001	0.439828029016009
0.485000000000001	0.439749088030072
0.485500000000001	0.439672745441089
0.486000000000001	0.439599000232142
0.486500000000001	0.439527851420809
0.487000000000001	0.439459298059157
0.487500000000001	0.439393339233740
0.488000000000001	0.439329974065602
0.488500000000001	0.439269201710270
0.489000000000001	0.439211021357752
0.489500000000001	0.439155432232540
0.490000000000001	0.439102433593605
0.490500000000001	0.439052024734394
0.491000000000001	0.439004204982831
0.491500000000001	0.438958973701315
0.492000000000001	0.438916330286719
0.492500000000001	0.438876274170386
0.493000000000001	0.438838804818131
0.493500000000001	0.438803921730237
0.494000000000001	0.438771624441457
0.494500000000001	0.438741912521010
0.495000000000001	0.438714785572580
0.495500000000001	0.438690243234320
0.496000000000001	0.438668285178842
0.496500000000001	0.438648911113227
0.497000000000001	0.438632120779015
0.497500000000001	0.438617913952211
0.498000000000001	0.438606290443280
0.498500000000001	0.438597250097150
0.499000000000001	0.438590792793207
0.499500000000001	0.438586918445303