0.017039337152742254	1637664.0400959726
0.012621731224253521	1637800.933943899
0.009349430536484089	1638033.458185058
0.006925504101099324	1637613.285987459
0.005130003037851351	1637586.947211184
0.00380000225026026	1637647.5166706755
0.0028148164816742664	1637316.158064876
0.0020850492456846417	1637860.9038250756
0.0015444809227293643	1637836.642213885
0.001144059942762492	1638455.2315447666
8.474518094536978E-4	1637955.5991587553
6.277420810768132E-4	1639361.0567057254
4.6499413413097265E-4	1642915.0482708307
3.4444009935627603E-4	1648526.570690085
2.5514081433798225E-4	1662430.3088004384
1.8899319580591276E-4	1679590.321696017
1.3999495985623166E-4	1702273.3321404804
1.036999702638753E-4	1727152.5473612864
7.681479278805577E-5	1747928.361304338
5.689984650967094E-5	1762589.1098010973
4.21480344516081E-5	1763970.6352553787
3.1220766260450446E-5	1753934.5816865433
2.312649352625959E-5	1726962.716935267
1.713073594537747E-5	1686389.4755725104
1.2689434033612941E-5	1625827.1063268792
9.399580765639214E-6	1546352.6036924634
6.96265241899201E-6	1439403.006758539
5.1575203103644515E-6	1302769.440253143
3.820385415084779E-6	1131207.113147414
2.829915122285021E-6	931359.2999200725
2.09623342391483E-6	716637.7816555265
1.5527654991961702E-6	509695.42557833716
1.1501966660712372E-6	330165.556068393
8.519975304231386E-7	191937.38233232536
6.311092817949174E-7	97157.68994326622
4.67488356885124E-7	40775.88122910582
3.462876717667585E-7	13370.431683169902
2.565093864938952E-7	3169.133528126786
1.9000695295844086E-7	564.6204895545201
1.4074589108032655E-7	124.64949379793691
1.042562156150567E-7	58.72636681730472
7.722682638152348E-8	31.56420027330255
5.7205056578906276E-8	14.426024037628006
4.237411598437502E-8	5.175127445586684
3.138823406250001E-8	1.3519927982682924
2.3250543750000007E-8	0.2316558734617009
1.7222625000000004E-8	0.02210138838789601
1.2757500000000002E-8	6.263140563052511E-4
9.45E-9	1.60447425254819E-7
7.0E-9	1.1885005188206356E-7
