0.017936620343357655	4670.9527218243265
0.014349296274686124	4332.497198055917
0.011479437019748899	3963.631427666834
0.00918354961579912	3577.1646814685937
0.007346839692639296	3191.5312931948256
0.005877471754111437	2811.7863621558804
0.00470197740328915	2455.355486405438
0.00376158192263132	2121.2088330975703
0.003009265538105056	1825.7099747668426
0.0024074124304840445	1569.8458282142972
0.0019259299443872356	1358.7413514736047
0.0015407439555097885	1190.5367291661137
0.0012325951644078308	1063.2990023389839
9.860761315262647E-4	974.6922793999355
7.888609052210117E-4	915.1823372317522
6.310887241768094E-4	877.9427635777162
5.048709793414475E-4	857.074010300401
4.0389678347315804E-4	844.8686405207368
3.231174267785264E-4	836.5371029861604
2.5849394142282115E-4	828.5946939483321
2.0679515313825692E-4	817.7757693575231
1.6543612251060553E-4	798.9475146930369
1.3234889800848443E-4	772.1647158636151
1.0587911840678754E-4	734.6522498779105
8.470329472543003E-5	687.9807064222517
6.776263578034403E-5	633.6960864631698
5.421010862427522E-5	573.0542891894261
4.336808689942018E-5	507.8672343047427
3.469446951953614E-5	439.7603873934235
2.7755575615628914E-5	370.06643553412295
2.220446049250313E-5	301.14625037842876
1.7763568394002505E-5	236.05012488096352
1.4210854715202004E-5	175.65148680710342
1.1368683772161603E-5	123.54672928325802
9.094947017729282E-6	80.59276959878927
7.275957614183426E-6	48.070686804865225
5.820766091346741E-6	25.672510681916147
4.656612873077393E-6	11.855929236926558
3.725290298461914E-6	4.6408227262289
2.9802322387695312E-6	1.471961419214699
2.384185791015625E-6	0.34637658910225994
1.9073486328125E-6	0.05831238338766865
1.52587890625E-6	0.00554288374687774
1.220703125E-6	6.945576977499554E-6
9.765625E-7	5.556461582000604E-6
7.812499999999999E-7	4.4451692656006675E-6
6.249999999999999E-7	3.556135412479369E-6
5.0E-7	2.8449083299841863E-6
