-0.500000000000000	0.361775148061066
-0.499500000000000	0.361777945588266
-0.499000000000000	0.361786338155963
-0.498500000000000	0.361800325722455
-0.498000000000000	0.361819908218238
-0.497500000000000	0.361845085546003
-0.497000000000000	0.361875857580631
-0.496500000000000	0.361912224169194
-0.496000000000000	0.361954185130949
-0.495500000000000	0.362001740257334
-0.495000000000000	0.362054889311958
-0.494500000000000	0.362113632030598
-0.494000000000000	0.362177968121194
-0.493500000000000	0.362247897263835
-0.493000000000000	0.362323419110753
-0.492500000000000	0.362404533286314
-0.492000000000000	0.362491239387009
-0.491500000000000	0.362583536981436
-0.491000000000000	0.362681425610298
-0.490500000000000	0.362784904786380
-0.490000000000000	0.362893973994543
-0.489500000000000	0.363008632691708
-0.489000000000000	0.363128880306838
-0.488500000000000	0.363254716240925
-0.488000000000000	0.363386139866973
-0.487500000000000	0.363523150529979
-0.487000000000000	0.363665747546917
-0.486500000000000	0.363813930206720
-0.486000000000000	0.363967697770256
-0.485500000000000	0.364127049470312
-0.485000000000000	0.364291984511569
-0.484500000000000	0.364462502070585
-0.484000000000000	0.364638601295767
-0.483500000000000	0.364820281307352
-0.483000000000000	0.365007541197379
-0.482500000000000	0.365200380029668
-0.482000000000000	0.365398796839792
-0.481500000000000	0.365602790635049
-0.481000000000000	0.365812360394438
-0.480500000000000	0.366027505068630
-0.480000000000000	0.366248223579940
-0.479500000000000	0.366474514822294
-0.479000000000000	0.366706377661204
-0.478500000000000	0.366943810933733
-0.478000000000000	0.367186813448468
-0.477500000000000	0.367435383985480
-0.477000000000000	0.367689521296300
-0.476500000000000	0.367949224103879
-0.476000000000000	0.368214491102555
-0.475500000000000	0.368485320958018
-0.475000000000000	0.368761712307275
-0.474500000000000	0.369043663758611
-0.474000000000000	0.369331173891555
-0.473500000000000	0.369624241256837
-0.473000000000000	0.369922864376352
-0.472500000000000	0.370227041743123
-0.472000000000000	0.370536771821255
-0.471500000000000	0.370852053045899
-0.471000000000000	0.371172883823206
-0.470500000000000	0.371499262530288
-0.470000000000000	0.371831187515175
-0.469500000000000	0.372168657096768
-0.469000000000000	0.372511669564797
-0.468500000000000	0.372860223179774
-0.468000000000000	0.373214316172951
-0.467500000000000	0.373573946746267
-0.467000000000000	0.373939113072308
-0.466500000000000	0.374309813294253
-0.466000000000000	0.374686045525829
-0.465500000000000	0.375067807851260
-0.465000000000000	0.375455098325217
-0.464500000000000	0.375847914972770
-0.464000000000000	0.376246255789333
-0.463500000000000	0.376650118740613
-0.463000000000000	0.377059501762559
-0.462500000000000	0.377474402761308
-0.462000000000000	0.377894819613131
-0.461500000000000	0.378320750164376
-0.461000000000000	0.378752192231417
-0.460500000000000	0.379189143600595
-0.460000000000000	0.379631602028164
-0.459500000000000	0.380079565240229
-0.459000000000000	0.380533030932696
-0.458500000000000	0.380991996771205
-0.458000000000000	0.381456460391077
-0.457500000000000	0.381926419397253
-0.457000000000000	0.382401871364231
-0.456500000000000	0.382882813836009
-0.456000000000000	0.383369244326021
-0.455500000000000	0.383861160317074
-0.455000000000000	0.384358559261289
-0.454500000000000	0.384861438580034
-0.454000000000000	0.385369795663861
-0.453500000000000	0.385883627872444
-0.453000000000000	0.386402932534510
-0.452500000000000	0.386927706947774
-0.452000000000000	0.387457948378878
-0.451500000000000	0.387993654063314
-0.451000000000000	0.388534821205368
-0.450500000000000	0.389081446978043
-0.450000000000000	0.389633528522995
-0.449500000000000	0.390191062950462
-0.449000000000000	0.390754047339198
-0.448500000000000	0.391322478736395
-0.448000000000000	0.391896354157622
-0.447500000000000	0.392475670586745
-0.447000000000000	0.393060424975860
-0.446500000000000	0.393650614245222
-0.446000000000000	0.394246235283165
-0.445500000000000	0.394847284946036
-0.445000000000000	0.395453760058118
-0.444500000000000	0.396065657411556
-0.444000000000000	0.396682973766279
-0.443500000000000	0.397305705849930
-0.443000000000000	0.397933850357785
-0.442500000000000	0.398567403952682
-0.442000000000000	0.399206363264936
-0.441500000000000	0.399850724892269
-0.441000000000000	0.400500485399730
-0.440500000000000	0.401155641319612
-0.440000000000000	0.401816189151381
-0.439500000000000	0.402482125361590
-0.439000000000000	0.403153446383803
-0.438500000000000	0.403830148618511
-0.438000000000000	0.404512228433056
-0.437500000000000	0.405199682161546
-0.437000000000000	0.405892506104776
-0.436500000000000	0.406590696530142
-0.436000000000000	0.407294249671565
-0.435500000000000	0.408003161729400
-0.435000000000000	0.408717428870359
-0.434500000000000	0.409437047227426
-0.434000000000000	0.410162012899770
-0.433500000000000	0.410892321952662
-0.433000000000000	0.411627970417392
-0.432500000000000	0.412368954291181
-0.432000000000000	0.413115269537096
-0.431500000000000	0.413866912083964
-0.431000000000000	0.414623877826285
-0.430500000000000	0.415386162624147
-0.430000000000000	0.416153762303136
-0.429500000000000	0.416926672654248
-0.429000000000000	0.417704889433807
-0.428500000000000	0.418488408363367
-0.428000000000000	0.419277225129633
-0.427500000000000	0.420071335384365
-0.427000000000000	0.420870734744292
-0.426500000000000	0.421675418791022
-0.426000000000000	0.422485383070950
-0.425500000000000	0.423300623095170
-0.425000000000000	0.424121134339384
-0.424500000000000	0.424946912243811
-0.424000000000000	0.425777952213093
-0.423500000000000	0.426614249616210
-0.423000000000000	0.427455799786379
-0.422500000000000	0.428302598020971
-0.422000000000000	0.429154639581413
-0.421500000000000	0.430011919693098
-0.421000000000000	0.430874433545289
-0.420500000000000	0.431742176291029
-0.420000000000000	0.432615143047049
-0.419500000000000	0.433493328893669
-0.419000000000000	0.434376728874707
-0.418500000000000	0.435265337997387
-0.418000000000000	0.436159151232241
-0.417500000000000	0.437058163513017
-0.417000000000000	0.437962369736584
-0.416500000000000	0.438871764762834
-0.416000000000000	0.439786343414592
-0.415500000000000	0.440706100477516
-0.415000000000000	0.441631030700004
-0.414500000000000	0.442561128793099
-0.414000000000000	0.443496389430389
-0.413500000000000	0.444436807247917
-0.413000000000000	0.445382376844078
-0.412500000000000	0.446333092779530
-0.412000000000000	0.447288949577090
-0.411500000000000	0.448249941721643
-0.411000000000000	0.449216063660043
-0.410500000000000	0.450187309801017
-0.410000000000000	0.451163674515066
-0.409500000000000	0.452145152134368
-0.409000000000000	0.453131736952686
-0.408500000000000	0.454123423225262
-0.408000000000000	0.455120205168727
-0.407500000000000	0.456122076961000
-0.407000000000000	0.457129032741189
-0.406500000000000	0.458141066609498
-0.406000000000000	0.459158172627124
-0.405500000000000	0.460180344816164
-0.405000000000000	0.461207577159514
-0.404500000000000	0.462239863600770
-0.404000000000000	0.463277198044134
-0.403500000000000	0.464319574354315
-0.403000000000000	0.465366986356426
-0.402500000000000	0.466419427835894
-0.402000000000000	0.467476892538356
-0.401500000000000	0.468539374169562
-0.401000000000000	0.469606866395280
-0.400500000000000	0.470679362841193
-0.400000000000000	0.471756857092807
-0.399500000000000	0.472839342695348
-0.399000000000000	0.473926813153665
-0.398500000000000	0.475019261932133
-0.398000000000000	0.476116682454558
-0.397500000000000	0.477219068104072
-0.397000000000000	0.478326412223041
-0.396500000000000	0.479438708112967
-0.396000000000000	0.480555949034389
-0.395500000000000	0.481678128206781
-0.395000000000000	0.482805238808466
-0.394500000000000	0.483937273976507
-0.394000000000000	0.485074226806615
-0.393500000000000	0.486216090353052
-0.393000000000000	0.487362857628534
-0.392500000000000	0.488514521604132
-0.392000000000000	0.489671075209176
-0.391500000000000	0.490832511331161
-0.391000000000000	0.491998822815646
-0.390500000000000	0.493170002466162
-0.390000000000000	0.494346043044112
-0.389500000000000	0.495526937268678
-0.389000000000000	0.496712677816723
-0.388500000000000	0.497903257322698
-0.388000000000000	0.499098668378544
-0.387500000000000	0.500298903533595
-0.387000000000000	0.501503955294488
-0.386500000000000	0.502713816125066
-0.386000000000000	0.503928478446282
-0.385500000000000	0.505147934636104
-0.385000000000000	0.506372177029424
-0.384500000000000	0.507601197917962
-0.384000000000000	0.508834989550172
-0.383500000000000	0.510073544131150
-0.383000000000000	0.511316853822540
-0.382500000000000	0.512564910742440
-0.382000000000000	0.513817706965310
-0.381500000000000	0.515075234521881
-0.381000000000000	0.516337485399062
-0.380500000000000	0.517604451539849
-0.380000000000000	0.518876124843230
-0.379500000000000	0.520152497164099
-0.379000000000000	0.521433560313160
-0.378500000000000	0.522719306056844
-0.378000000000000	0.524009726117209
-0.377500000000000	0.525304812171857
-0.377000000000000	0.526604555853845
-0.376500000000000	0.527908948751589
-0.376000000000000	0.529217982408785
-0.375500000000000	0.530531648324311
-0.375000000000000	0.531849937952147
-0.374500000000000	0.533172842701282
-0.374000000000000	0.534500353935629
-0.373500000000000	0.535832462973938
-0.373000000000000	0.537169161089710
-0.372500000000000	0.538510439511109
-0.372000000000000	0.539856289420880
-0.371500000000000	0.541206701956261
-0.371000000000000	0.542561668208899
-0.370500000000000	0.543921179224765
-0.370000000000000	0.545285226004074
-0.369500000000000	0.546653799501195
-0.369000000000000	0.548026890624575
-0.368500000000000	0.549404490236653
-0.368000000000000	0.550786589153778
-0.367500000000000	0.552173178146128
-0.367000000000000	0.553564247937631
-0.366500000000000	0.554959789205882
-0.366000000000000	0.556359792582065
-0.365500000000000	0.557764248650871
-0.365000000000000	0.559173147950424
-0.364500000000000	0.560586480972196
-0.364000000000000	0.562004238160937
-0.363500000000000	0.563426409914591
-0.363000000000000	0.564852986584222
-0.362500000000000	0.566283958473941
-0.362000000000000	0.567719315840825
-0.361500000000000	0.569159048894846
-0.361000000000000	0.570603147798793
-0.360500000000000	0.572051602668205
-0.360000000000000	0.573504403571289
-0.359500000000000	0.574961540528855
-0.359000000000000	0.576423003514241
-0.358500000000000	0.577888782453238
-0.358000000000000	0.579358867224030
-0.357500000000000	0.580833247657111
-0.357000000000000	0.582311913535224
-0.356500000000000	0.583794854593291
-0.356000000000000	0.585282060518343
-0.355500000000000	0.586773520949454
-0.355000000000000	0.588269225477674
-0.354500000000000	0.589769163645963
-0.354000000000000	0.591273324949125
-0.353500000000000	0.592781698833746
-0.353000000000000	0.594294274698125
-0.352500000000000	0.595811041892217
-0.352000000000000	0.597331989717564
-0.351500000000000	0.598857107427239
-0.351000000000000	0.600386384225783
-0.350500000000000	0.601919809269141
-0.350000000000000	0.603457371664610
-0.349500000000000	0.604999060470772
-0.349000000000000	0.606544864697441
-0.348500000000000	0.608094773305606
-0.348000000000000	0.609648775207371
-0.347500000000000	0.611206859265903
-0.347000000000000	0.612769014295374
-0.346500000000000	0.614335229060908
-0.346000000000000	0.615905492278530
-0.345500000000000	0.617479792615109
-0.345000000000000	0.619058118688310
-0.344500000000000	0.620640459066541
-0.344000000000000	0.622226802268904
-0.343500000000000	0.623817136765146
-0.343000000000000	0.625411450975609
-0.342500000000000	0.627009733271184
-0.342000000000000	0.628611971973265
-0.341500000000000	0.630218155353700
-0.341000000000000	0.631828271634750
-0.340500000000000	0.633442308989043
-0.340000000000000	0.635060255539529
-0.339500000000000	0.636682099359443
-0.339000000000000	0.638307828472255
-0.338500000000000	0.639937430851641
-0.338000000000000	0.641570894421434
-0.337500000000000	0.643208207055587
-0.337000000000000	0.644849356578140
-0.336500000000000	0.646494330763179
-0.336000000000000	0.648143117334800
-0.335500000000000	0.649795703967076
-0.335000000000000	0.651452078284023
-0.334500000000000	0.653112227859567
-0.334000000000000	0.654776140217507
-0.333500000000000	0.656443802831494
-0.333000000000000	0.658115203124991
-0.332500000000000	0.659790328471249
-0.332000000000000	0.661469166193278
-0.331500000000000	0.663151703563820
-0.331000000000000	0.664837927805322
-0.330500000000000	0.666527826089912
-0.330000000000000	0.668221385539374
-0.329500000000000	0.669918593225125
-0.329000000000000	0.671619436168193
-0.328500000000000	0.673323901339197
-0.328000000000000	0.675031975658325
-0.327500000000000	0.676743645995317
-0.327000000000000	0.678458899169447
-0.326500000000000	0.680177721949502
-0.326000000000000	0.681900101053774
-0.325500000000000	0.683626023150039
-0.325000000000000	0.685355474855544
-0.324500000000000	0.687088442736998
-0.324000000000000	0.688824913310557
-0.323500000000000	0.690564873041815
-0.323000000000000	0.692308308345794
-0.322500000000000	0.694055205586939
-0.322000000000000	0.695805551079104
-0.321500000000000	0.697559331085555
-0.321000000000000	0.699316531818956
-0.320500000000000	0.701077139441374
-0.320000000000000	0.702841140064270
-0.319500000000000	0.704608519748500
-0.319000000000000	0.706379264504315
-0.318500000000000	0.708153360291360
-0.318000000000000	0.709930793018680
-0.317500000000000	0.711711548544717
-0.317000000000000	0.713495612677322
-0.316500000000000	0.715282971173753
-0.316000000000000	0.717073609740686
-0.315500000000000	0.718867514034223
-0.315000000000000	0.720664669659899
-0.314500000000000	0.722465062172693
-0.314000000000000	0.724268677077040
-0.313500000000000	0.726075499826843
-0.313000000000000	0.727885515825488
-0.312500000000000	0.729698710425856
-0.312000000000000	0.731515068930344
-0.311500000000000	0.733334576590879
-0.311000000000000	0.735157218608936
-0.310500000000000	0.736982980135562
-0.310000000000000	0.738811846271394
-0.309500000000000	0.740643802066681
-0.309000000000000	0.742478832521310
-0.308500000000000	0.744316922584830
-0.308000000000000	0.746158057156477
-0.307500000000000	0.748002221085204
-0.307000000000000	0.749849399169706
-0.306500000000000	0.751699576158455
-0.306000000000000	0.753552736749725
-0.305500000000000	0.755408865591631
-0.305000000000000	0.757267947282158
-0.304500000000000	0.759129966369198
-0.304000000000000	0.760994907350587
-0.303500000000000	0.762862754674142
-0.303000000000000	0.764733492737699
-0.302500000000000	0.766607105889154
-0.302000000000000	0.768483578426507
-0.301500000000000	0.770362894597901
-0.301000000000000	0.772245038601668
-0.300500000000000	0.774129994586377
-0.300000000000000	0.776017746650875
-0.299500000000000	0.777908278844341
-0.299000000000000	0.779801575166333
-0.298500000000000	0.781697619566840
-0.298000000000000	0.783596395946332
-0.297500000000000	0.785497888155815
-0.297000000000000	0.787402079996888
-0.296500000000000	0.789308955221795
-0.296000000000000	0.791218497533487
-0.295500000000000	0.793130690585677
-0.295000000000000	0.795045517982904
-0.294500000000000	0.796962963280592
-0.294000000000000	0.798883009985116
-0.293500000000000	0.800805641553862
-0.293000000000000	0.802730841395298
-0.292500000000000	0.804658592869038
-0.292000000000000	0.806588879285910
-0.291500000000000	0.808521683908031
-0.291000000000000	0.810456989948872
-0.290500000000000	0.812394780573335
-0.290000000000000	0.814335038897825
-0.289500000000000	0.816277747990329
-0.289000000000000	0.818222890870488
-0.288500000000000	0.820170450509679
-0.288000000000000	0.822120409831095
-0.287500000000000	0.824072751709824
-0.287000000000000	0.826027458972933
-0.286500000000000	0.827984514399551
-0.286000000000000	0.829943900720959
-0.285500000000000	0.831905600620671
-0.285000000000000	0.833869596734523
-0.284500000000000	0.835835871650768
-0.284000000000000	0.837804407910162
-0.283500000000000	0.839775188006058
-0.283000000000000	0.841748194384504
-0.282500000000000	0.843723409444331
-0.282000000000000	0.845700815537256
-0.281500000000000	0.847680394967979
-0.281000000000000	0.849662129994281
-0.280500000000000	0.851646002827129
-0.280000000000000	0.853631995630776
-0.279500000000000	0.855620090522864
-0.279000000000000	0.857610269574533
-0.278500000000000	0.859602514810527
-0.278000000000000	0.861596808209302
-0.277500000000000	0.863593131703136
-0.277000000000000	0.865591467178241
-0.276500000000000	0.867591796474877
-0.276000000000000	0.869594101387464
-0.275500000000000	0.871598363664700
-0.275000000000000	0.873604565009677
-0.274500000000000	0.875612687080003
-0.274000000000000	0.877622711487917
-0.273500000000000	0.879634619800416
-0.273000000000000	0.881648393539375
-0.272500000000000	0.883664014181673
-0.272000000000000	0.885681463159320
-0.271500000000000	0.887700721859582
-0.271000000000000	0.889721771625116
-0.270500000000000	0.891744593754093
-0.270000000000000	0.893769169500336
-0.269500000000000	0.895795480073451
-0.269000000000000	0.897823506638964
-0.268500000000000	0.899853230318455
-0.268000000000000	0.901884632189699
-0.267500000000000	0.903917693286805
-0.267000000000000	0.905952394600353
-0.266500000000000	0.907988717077546
-0.266000000000000	0.910026641622343
-0.265500000000000	0.912066149095611
-0.265000000000000	0.914107220315272
-0.264500000000000	0.916149836056450
-0.264000000000000	0.918193977051622
-0.263500000000000	0.920239623990769
-0.263000000000000	0.922286757521527
-0.262500000000000	0.924335358249347
-0.262000000000000	0.926385406737645
-0.261500000000000	0.928436883507965
-0.261000000000000	0.930489769040133
-0.260500000000000	0.932544043772421
-0.260000000000000	0.934599688101707
-0.259500000000000	0.936656682383640
-0.259000000000000	0.938715006932806
-0.258500000000000	0.940774642022890
-0.258000000000000	0.942835567886849
-0.257500000000000	0.944897764717079
-0.257000000000000	0.946961212665585
-0.256500000000000	0.949025891844157
-0.256000000000000	0.951091782324541
-0.255500000000000	0.953158864138615
-0.255000000000000	0.955227117278567
-0.254500000000000	0.957296521697072
-0.254000000000000	0.959367057307473
-0.253500000000000	0.961438703983963
-0.253000000000000	0.963511441561765
-0.252500000000000	0.965585249837321
-0.252000000000000	0.967660108568473
-0.251500000000000	0.969735997474654
-0.251000000000000	0.971812896237075
-0.250500000000000	0.973890784498917
-0.250000000000000	0.975969641865519
-0.249500000000000	0.978049447904577
-0.249000000000000	0.980130182146335
-0.248500000000000	0.982211824083782
-0.248000000000000	0.984294353172848
-0.247500000000000	0.986377748832609
-0.247000000000000	0.988461990445479
-0.246500000000000	0.990547057357420
-0.246000000000000	0.992632928878143
-0.245500000000000	0.994719584281310
-0.245000000000000	0.996807002804745
-0.244500000000000	0.998895163650639
-0.244000000000000	1.00098404598576
-0.243500000000000	1.00307362894168
-0.243000000000000	1.00516389161493
-0.242500000000000	1.00725481306731
-0.242000000000000	1.00934637232602
-0.241500000000000	1.01143854838391
-0.241000000000000	1.01353132019968
-0.240500000000000	1.01562466669816
-0.240000000000000	1.01771856677044
-0.239500000000000	1.01981299927417
-0.239000000000000	1.02190794303373
-0.238500000000000	1.02400337684049
-0.238000000000000	1.02609927945302
-0.237500000000000	1.02819562959733
-0.237000000000000	1.03029240596710
-0.236500000000000	1.03238958722388
-0.236000000000000	1.03448715199737
-0.235500000000000	1.03658507888562
-0.235000000000000	1.03868334645528
-0.234500000000000	1.04078193324182
-0.234000000000000	1.04288081774982
-0.233500000000000	1.04497997845312
-0.233000000000000	1.04707939379516
-0.232500000000000	1.04917904218914
-0.232000000000000	1.05127890201831
-0.231500000000000	1.05337895163621
-0.231000000000000	1.05547916936692
-0.230500000000000	1.05757953350526
-0.230000000000000	1.05968002231713
-0.229500000000000	1.06178061403968
-0.229000000000000	1.06388128688158
-0.228500000000000	1.06598201902332
-0.228000000000000	1.06808278861740
-0.227500000000000	1.07018357378864
-0.227000000000000	1.07228435263439
-0.226500000000000	1.07438510322484
-0.226000000000000	1.07648580360323
-0.225500000000000	1.07858643178615
-0.225000000000000	1.08068696576378
-0.224500000000000	1.08278738350018
-0.224000000000000	1.08488766293352
-0.223500000000000	1.08698778197638
-0.223000000000000	1.08908771851599
-0.222500000000000	1.09118745041454
-0.222000000000000	1.09328695550939
-0.221500000000000	1.09538621161342
-0.221000000000000	1.09748519651522
-0.220500000000000	1.09958388797945
-0.220000000000000	1.10168226374704
-0.219500000000000	1.10378030153552
-0.219000000000000	1.10587797903926
-0.218500000000000	1.10797527392981
-0.218000000000000	1.11007216385610
-0.217500000000000	1.11216862644479
-0.217000000000000	1.11426463930052
-0.216500000000000	1.11636018000621
-0.216000000000000	1.11845522612333
-0.215500000000000	1.12054975519223
-0.215000000000000	1.12264374473236
-0.214500000000000	1.12473717224262
-0.214000000000000	1.12683001520163
-0.213500000000000	1.12892225106802
-0.213000000000000	1.13101385728073
-0.212500000000000	1.13310481125931
-0.212000000000000	1.13519509040419
-0.211500000000000	1.13728467209702
-0.211000000000000	1.13937353370094
-0.210500000000000	1.14146165256088
-0.210000000000000	1.14354900600387
-0.209500000000000	1.14563557133935
-0.209000000000000	1.14772132585946
-0.208500000000000	1.14980624683935
-0.208000000000000	1.15189031153749
-0.207500000000000	1.15397349719597
-0.207000000000000	1.15605578104081
-0.206500000000000	1.15813714028228
-0.206000000000000	1.16021755211519
-0.205500000000000	1.16229699371923
-0.205000000000000	1.16437544225926
-0.204500000000000	1.16645287488563
-0.204000000000000	1.16852926873450
-0.203500000000000	1.17060460092816
-0.203000000000000	1.17267884857534
-0.202500000000000	1.17475198877152
-0.202000000000000	1.17682399859927
-0.201500000000000	1.17889485512856
-0.201000000000000	1.18096453541709
-0.200500000000000	1.18303301651059
-0.200000000000000	1.18510027544318
-0.199500000000000	1.18716628923766
-0.199000000000000	1.18923103490586
-0.198500000000000	1.19129448944896
-0.198000000000000	1.19335662985782
-0.197500000000000	1.19541743311329
-0.197000000000000	1.19747687618659
-0.196500000000000	1.19953493603959
-0.196000000000000	1.20159158962515
-0.195500000000000	1.20364681388750
-0.195000000000000	1.20570058576250
-0.194500000000000	1.20775288217804
-0.194000000000000	1.20980368005436
-0.193500000000000	1.21185295630435
-0.193000000000000	1.21390068783396
-0.192500000000000	1.21594685154245
-0.192000000000000	1.21799142432281
-0.191500000000000	1.22003438306206
-0.191000000000000	1.22207570464161
-0.190500000000000	1.22411536593757
-0.190000000000000	1.22615334382116
-0.189500000000000	1.22818961515898
-0.189000000000000	1.23022415681340
-0.188500000000000	1.23225694564290
-0.188000000000000	1.23428795850242
-0.187500000000000	1.23631717224369
-0.187000000000000	1.23834456371560
-0.186500000000000	1.24037010976455
-0.186000000000000	1.24239378723478
-0.185500000000000	1.24441557296876
-0.185000000000000	1.24643544380749
-0.184500000000000	1.24845337659091
-0.184000000000000	1.25046934815822
-0.183500000000000	1.25248333534824
-0.183000000000000	1.25449531499977
-0.182500000000000	1.25650526395196
-0.182000000000000	1.25851315904464
-0.181500000000000	1.26051897711870
-0.181000000000000	1.26252269501645
-0.180500000000000	1.26452428958196
-0.180000000000000	1.26652373766146
-0.179500000000000	1.26852101610364
-0.179000000000000	1.27051610176007
-0.178500000000000	1.27250897148556
-0.178000000000000	1.27449960213847
-0.177500000000000	1.27648797058113
-0.177000000000000	1.27847405368020
-0.176500000000000	1.28045782830699
-0.176000000000000	1.28243927133790
-0.175500000000000	1.28441835965470
-0.175000000000000	1.28639507014499
-0.174500000000000	1.28836937970249
-0.174000000000000	1.29034126522746
-0.173500000000000	1.29231070362705
-0.173000000000000	1.29427767181569
-0.172500000000000	1.29624214671540
-0.172000000000000	1.29820410525627
-0.171500000000000	1.30016352437672
-0.171000000000000	1.30212038102394
-0.170500000000000	1.30407465215426
-0.170000000000000	1.30602631473350
-0.169500000000000	1.30797534573735
-0.169000000000000	1.30992172215176
-0.168500000000000	1.31186542097331
-0.168000000000000	1.31380641920958
-0.167500000000000	1.31574469387954
-0.167000000000000	1.31768022201392
-0.166500000000000	1.31961298065557
-0.166000000000000	1.32154294685987
-0.165500000000000	1.32347009769510
-0.165000000000000	1.32539441024280
-0.164500000000000	1.32731586159819
-0.164000000000000	1.32923442887050
-0.163500000000000	1.33115008918340
-0.163000000000000	1.33306281967533
-0.162500000000000	1.33497259749994
-0.162000000000000	1.33687939982644
-0.161500000000000	1.33878320383995
-0.161000000000000	1.34068398674197
-0.160500000000000	1.34258172575069
-0.160000000000000	1.34447639810137
-0.159500000000000	1.34636798104680
-0.159000000000000	1.34825645185760
-0.158500000000000	1.35014178782266
-0.158000000000000	1.35202396624950
-0.157500000000000	1.35390296446465
-0.157000000000000	1.35577875981406
-0.156500000000000	1.35765132966348
-0.156000000000000	1.35952065139883
-0.155500000000000	1.36138670242661
-0.155000000000000	1.36324946017425
-0.154500000000000	1.36510890209055
-0.154000000000000	1.36696500564603
-0.153500000000000	1.36881774833334
-0.153000000000000	1.37066710766760
-0.152500000000000	1.37251306118688
-0.152000000000000	1.37435558645248
-0.151500000000000	1.37619466104942
-0.151000000000000	1.37803026258675
-0.150500000000000	1.37986236869799
-0.150000000000000	1.38169095704149
-0.149500000000000	1.38351600530084
-0.149000000000000	1.38533749118524
-0.148500000000000	1.38715539242991
-0.148000000000000	1.38896968679647
-0.147500000000000	1.39078035207333
-0.147000000000000	1.39258736607607
-0.146500000000000	1.39439070664786
-0.146000000000000	1.39619035165983
-0.145500000000000	1.39798627901145
-0.145000000000000	1.39977846663095
-0.144500000000000	1.40156689247568
-0.144000000000000	1.40335153453252
-0.143500000000000	1.40513237081828
-0.143000000000000	1.40690937938006
-0.142500000000000	1.40868253829567
-0.142000000000000	1.41045182567400
-0.141500000000000	1.41221721965542
-0.141000000000000	1.41397869841218
-0.140500000000000	1.41573624014878
-0.140000000000000	1.41748982310239
-0.139500000000000	1.41923942554321
-0.139000000000000	1.42098502577487
-0.138500000000000	1.42272660213485
-0.138000000000000	1.42446413299481
-0.137500000000000	1.42619759676104
-0.137000000000000	1.42792697187482
-0.136500000000000	1.42965223681282
-0.136000000000000	1.43137337008748
-0.135500000000000	1.43309035024741
-0.135000000000000	1.43480315587778
-0.134500000000000	1.43651176560071
-0.134000000000000	1.43821615807564
-0.133500000000000	1.43991631199974
-0.133000000000000	1.44161220610832
-0.132500000000000	1.44330381917516
-0.132000000000000	1.44499113001294
-0.131500000000000	1.44667411747364
-0.131000000000000	1.44835276044888
-0.130500000000000	1.45002703787036
-0.130000000000000	1.45169692871023
-0.129500000000000	1.45336241198143
-0.129000000000000	1.45502346673818
-0.128500000000000	1.45668007207626
-0.128000000000000	1.45833220713345
-0.127500000000000	1.45997985108994
-0.127000000000000	1.46162298316865
-0.126500000000000	1.46326158263567
-0.126000000000000	1.46489562880063
-0.125500000000000	1.46652510101705
-0.125000000000000	1.46814997868281
-0.124500000000000	1.46977024124043
-0.124000000000000	1.47138586817752
-0.123500000000000	1.47299683902717
-0.123000000000000	1.47460313336829
-0.122500000000000	1.47620473082601
-0.122000000000000	1.47780161107206
-0.121500000000000	1.47939375382519
-0.121000000000000	1.48098113885149
-0.120500000000000	1.48256374596480
-0.120000000000000	1.48414155502710
-0.119500000000000	1.48571454594887
-0.119000000000000	1.48728269868949
-0.118500000000000	1.48884599325759
-0.118000000000000	1.49040440971147
-0.117500000000000	1.49195792815944
-0.117000000000000	1.49350652876019
-0.116500000000000	1.49505019172322
-0.116000000000000	1.49658889730917
-0.115500000000000	1.49812262583021
-0.115000000000000	1.49965135765041
-0.114500000000000	1.50117507318612
-0.114000000000000	1.50269375290634
-0.113500000000000	1.50420737733310
-0.113000000000000	1.50571592704182
-0.112500000000000	1.50721938266169
-0.112000000000000	1.50871772487604
-0.111500000000000	1.51021093442271
-0.111000000000000	1.51169899209443
-0.110500000000000	1.51318187873916
-0.110000000000000	1.51465957526049
-0.109500000000000	1.51613206261800
-0.109000000000000	1.51759932182760
-0.108500000000000	1.51906133396194
-0.108000000000000	1.52051808015075
-0.107500000000000	1.52196954158119
-0.107000000000000	1.52341569949826
-0.106500000000000	1.52485653520512
-0.106000000000000	1.52629203006345
-0.105500000000000	1.52772216549387
-0.105000000000000	1.52914692297622
-0.104500000000000	1.53056628404999
-0.104000000000000	1.53198023031463
-0.103500000000000	1.53338874342993
-0.103000000000000	1.53479180511638
-0.102500000000000	1.53618939715552
-0.102000000000000	1.53758150139028
-0.101500000000000	1.53896809972539
-0.101000000000000	1.54034917412765
-0.100500000000000	1.54172470662635
-0.0999999999999996	1.54309467931361
-0.0994999999999996	1.54445907434471
-0.0989999999999996	1.54581787393844
-0.0984999999999996	1.54717106037747
-0.0979999999999996	1.54851861600870
-0.0974999999999996	1.54986052324359
-0.0969999999999996	1.55119676455849
-0.0964999999999996	1.55252732249504
-0.0959999999999996	1.55385217966047
-0.0954999999999996	1.55517131872794
-0.0949999999999996	1.55648472243692
-0.0944999999999996	1.55779237359350
-0.0939999999999996	1.55909425507073
-0.0934999999999996	1.56039034980898
-0.0929999999999996	1.56168064081626
-0.0924999999999996	1.56296511116857
-0.0919999999999996	1.56424374401021
-0.0914999999999996	1.56551652255416
-0.0909999999999996	1.56678343008236
-0.0904999999999996	1.56804444994609
-0.0899999999999996	1.56929956556628
-0.0894999999999996	1.57054876043382
-0.0889999999999996	1.57179201810994
-0.0884999999999996	1.57302932222649
-0.0879999999999996	1.57426065648629
-0.0874999999999996	1.57548600466345
-0.0869999999999996	1.57670535060370
-0.0864999999999996	1.57791867822471
-0.0859999999999996	1.57912597151639
-0.0854999999999996	1.58032721454126
-0.0849999999999996	1.58152239143472
-0.0844999999999996	1.58271148640541
-0.0839999999999996	1.58389448373549
-0.0834999999999996	1.58507136778097
-0.0829999999999996	1.58624212297203
-0.0824999999999996	1.58740673381336
-0.0819999999999996	1.58856518488439
-0.0814999999999996	1.58971746083970
-0.0809999999999996	1.59086354640924
-0.0804999999999996	1.59200342639872
-0.0799999999999996	1.59313708568986
-0.0794999999999996	1.59426450924071
-0.0789999999999996	1.59538568208595
-0.0784999999999996	1.59650058933722
-0.0779999999999996	1.59760921618339
-0.0774999999999996	1.59871154789087
-0.0769999999999996	1.59980756980391
-0.0764999999999996	1.60089726734489
-0.0759999999999996	1.60198062601464
-0.0754999999999996	1.60305763139271
-0.0749999999999996	1.60412826913766
-0.0744999999999996	1.60519252498736
-0.0739999999999996	1.60625038475931
-0.0734999999999996	1.60730183435087
-0.0729999999999996	1.60834685973959
-0.0724999999999996	1.60938544698348
-0.0719999999999996	1.61041758222130
-0.0714999999999996	1.61144325167284
-0.0709999999999996	1.61246244163920
-0.0704999999999996	1.61347513850308
-0.0699999999999996	1.61448132872904
-0.0694999999999996	1.61548099886378
-0.0689999999999996	1.61647413553644
-0.0684999999999996	1.61746072545885
-0.0679999999999996	1.61844075542580
-0.0674999999999996	1.61941421231532
-0.0669999999999996	1.62038108308896
-0.0664999999999996	1.62134135479203
-0.0659999999999996	1.62229501455389
-0.0654999999999996	1.62324204958820
-0.0649999999999996	1.62418244719319
-0.0644999999999996	1.62511619475192
-0.0639999999999996	1.62604327973253
-0.0634999999999996	1.62696368968853
-0.0629999999999996	1.62787741225900
-0.0624999999999996	1.62878443516891
-0.0619999999999996	1.62968474622932
-0.0614999999999996	1.63057833333765
-0.0609999999999996	1.63146518447795
-0.0604999999999996	1.63234528772111
-0.0599999999999996	1.63321863122513
-0.0594999999999996	1.63408520323538
-0.0589999999999996	1.63494499208480
-0.0584999999999996	1.63579798619416
-0.0579999999999996	1.63664417407234
-0.0574999999999996	1.63748354431649
-0.0569999999999996	1.63831608561234
-0.0564999999999996	1.63914178673439
-0.0559999999999996	1.63996063654615
-0.0554999999999996	1.64077262400038
-0.0549999999999996	1.64157773813933
-0.0544999999999996	1.64237596809494
-0.0539999999999996	1.64316730308906
-0.0534999999999996	1.64395173243373
-0.0529999999999996	1.64472924553135
-0.0524999999999996	1.64549983187490
-0.0519999999999996	1.64626348104818
-0.0514999999999996	1.64702018272605
-0.0509999999999996	1.64776992667456
-0.0504999999999996	1.64851270275127
-0.0499999999999996	1.64924850090539
-0.0494999999999996	1.64997731117799
-0.0489999999999996	1.65069912370225
-0.0484999999999996	1.65141392870363
-0.0479999999999996	1.65212171650011
-0.0474999999999996	1.65282247750234
-0.0469999999999996	1.65351620221387
-0.0464999999999996	1.65420288123137
-0.0459999999999996	1.65488250524478
-0.0454999999999996	1.65555506503755
-0.0449999999999996	1.65622055148677
-0.0444999999999996	1.65687895556346
-0.0439999999999996	1.65753026833265
-0.0434999999999996	1.65817448095364
-0.0429999999999996	1.65881158468017
-0.0424999999999996	1.65944157086057
-0.0419999999999996	1.66006443093800
-0.0414999999999996	1.66068015645056
-0.0409999999999996	1.66128873903152
-0.0404999999999996	1.66189017040950
-0.0399999999999996	1.66248444240860
-0.0394999999999996	1.66307154694858
-0.0389999999999996	1.66365147604508
-0.0384999999999996	1.66422422180973
-0.0379999999999996	1.66478977645033
-0.0374999999999996	1.66534813227105
-0.0369999999999996	1.66589928167253
-0.0364999999999996	1.66644321715209
-0.0359999999999996	1.66697993130387
-0.0354999999999996	1.66750941681898
-0.0349999999999996	1.66803166648567
-0.0344999999999996	1.66854667318945
-0.0339999999999996	1.66905442991328
-0.0334999999999996	1.66955492973770
-0.0329999999999996	1.67004816584097
-0.0324999999999996	1.67053413149922
-0.0319999999999996	1.67101282008658
-0.0314999999999996	1.67148422507533
-0.0309999999999996	1.67194834003607
-0.0304999999999996	1.67240515863778
-0.0299999999999996	1.67285467464802
-0.0294999999999996	1.67329688193303
-0.0289999999999996	1.67373177445788
-0.0284999999999996	1.67415934628656
-0.0279999999999996	1.67457959158217
-0.0274999999999996	1.67499250460695
-0.0269999999999996	1.67539807972251
-0.0264999999999996	1.67579631138985
-0.0259999999999996	1.67618719416956
-0.0254999999999996	1.67657072272185
-0.0249999999999996	1.67694689180675
-0.0244999999999996	1.67731569628415
-0.0239999999999996	1.67767713111397
-0.0234999999999996	1.67803119135620
-0.0229999999999996	1.67837787217106
-0.0224999999999996	1.67871716881908
-0.0219999999999996	1.67904907666120
-0.0214999999999996	1.67937359115886
-0.0209999999999996	1.67969070787413
-0.0204999999999996	1.68000042246976
-0.0199999999999996	1.68030273070929
-0.0194999999999996	1.68059762845715
-0.0189999999999996	1.68088511167876
-0.0184999999999996	1.68116517644055
-0.0179999999999996	1.68143781891012
-0.0174999999999996	1.68170303535629
-0.0169999999999996	1.68196082214916
-0.0164999999999996	1.68221117576023
-0.0159999999999996	1.68245409276242
-0.0154999999999996	1.68268956983019
-0.0149999999999996	1.68291760373961
-0.0144999999999996	1.68313819136837
-0.0139999999999996	1.68335132969594
-0.0134999999999996	1.68355701580353
-0.0129999999999996	1.68375524687425
-0.0124999999999996	1.68394602019308
-0.0119999999999996	1.68412933314702
-0.0114999999999996	1.68430518322505
-0.0109999999999996	1.68447356801827
-0.0104999999999996	1.68463448521987
-0.00999999999999957	1.68478793262527
-0.00949999999999956	1.68493390813207
-0.00899999999999956	1.68507240974017
-0.00849999999999956	1.68520343555177
-0.00799999999999956	1.68532698377145
-0.00749999999999956	1.68544305270614
-0.00699999999999956	1.68555164076523
-0.00649999999999956	1.68565274646057
-0.00599999999999956	1.68574636840650
-0.00549999999999956	1.68583250531987
-0.00499999999999956	1.68591115602011
-0.00449999999999956	1.68598231942919
-0.00399999999999956	1.68604599457171
-0.00349999999999956	1.68610218057487
-0.00299999999999956	1.68615087666852
-0.00249999999999956	1.68619208218516
-0.00199999999999956	1.68622579655995
-0.00149999999999956	1.68625201933074
-0.000999999999999559	1.68627075013807
-0.000499999999999559	1.68628198872517
4.40619762898109e-16	1.68628573493799
0.000500000000000441	1.68628198872517
0.00100000000000044	1.68627075013807
0.00150000000000044	1.68625201933074
0.00200000000000044	1.68622579655995
0.00250000000000044	1.68619208218516
0.00300000000000044	1.68615087666852
0.00350000000000044	1.68610218057487
0.00400000000000044	1.68604599457171
0.00450000000000044	1.68598231942919
0.00500000000000044	1.68591115602011
0.00550000000000044	1.68583250531987
0.00600000000000044	1.68574636840650
0.00650000000000044	1.68565274646057
0.00700000000000044	1.68555164076523
0.00750000000000044	1.68544305270614
0.00800000000000044	1.68532698377145
0.00850000000000045	1.68520343555177
0.00900000000000045	1.68507240974017
0.00950000000000045	1.68493390813207
0.0100000000000004	1.68478793262527
0.0105000000000004	1.68463448521987
0.0110000000000004	1.68447356801827
0.0115000000000004	1.68430518322505
0.0120000000000004	1.68412933314702
0.0125000000000004	1.68394602019308
0.0130000000000004	1.68375524687425
0.0135000000000005	1.68355701580353
0.0140000000000005	1.68335132969594
0.0145000000000005	1.68313819136837
0.0150000000000005	1.68291760373961
0.0155000000000005	1.68268956983019
0.0160000000000005	1.68245409276242
0.0165000000000005	1.68221117576023
0.0170000000000005	1.68196082214916
0.0175000000000005	1.68170303535629
0.0180000000000005	1.68143781891012
0.0185000000000005	1.68116517644055
0.0190000000000005	1.68088511167876
0.0195000000000005	1.68059762845715
0.0200000000000005	1.68030273070929
0.0205000000000005	1.68000042246976
0.0210000000000005	1.67969070787413
0.0215000000000005	1.67937359115886
0.0220000000000005	1.67904907666120
0.0225000000000005	1.67871716881908
0.0230000000000005	1.67837787217106
0.0235000000000005	1.67803119135620
0.0240000000000005	1.67767713111397
0.0245000000000005	1.67731569628415
0.0250000000000005	1.67694689180675
0.0255000000000005	1.67657072272185
0.0260000000000005	1.67618719416955
0.0265000000000005	1.67579631138985
0.0270000000000005	1.67539807972251
0.0275000000000005	1.67499250460695
0.0280000000000005	1.67457959158216
0.0285000000000005	1.67415934628656
0.0290000000000005	1.67373177445788
0.0295000000000005	1.67329688193303
0.0300000000000005	1.67285467464802
0.0305000000000005	1.67240515863778
0.0310000000000005	1.67194834003607
0.0315000000000005	1.67148422507533
0.0320000000000005	1.67101282008658
0.0325000000000005	1.67053413149922
0.0330000000000005	1.67004816584097
0.0335000000000005	1.66955492973770
0.0340000000000005	1.66905442991328
0.0345000000000005	1.66854667318945
0.0350000000000005	1.66803166648567
0.0355000000000005	1.66750941681898
0.0360000000000005	1.66697993130387
0.0365000000000005	1.66644321715209
0.0370000000000005	1.66589928167253
0.0375000000000005	1.66534813227105
0.0380000000000005	1.66478977645033
0.0385000000000005	1.66422422180973
0.0390000000000005	1.66365147604508
0.0395000000000005	1.66307154694858
0.0400000000000005	1.66248444240859
0.0405000000000005	1.66189017040950
0.0410000000000005	1.66128873903152
0.0415000000000005	1.66068015645055
0.0420000000000005	1.66006443093799
0.0425000000000005	1.65944157086057
0.0430000000000005	1.65881158468017
0.0435000000000005	1.65817448095364
0.0440000000000005	1.65753026833265
0.0445000000000005	1.65687895556346
0.0450000000000005	1.65622055148677
0.0455000000000005	1.65555506503754
0.0460000000000005	1.65488250524478
0.0465000000000005	1.65420288123137
0.0470000000000005	1.65351620221387
0.0475000000000005	1.65282247750234
0.0480000000000005	1.65212171650011
0.0485000000000005	1.65141392870363
0.0490000000000005	1.65069912370225
0.0495000000000005	1.64997731117798
0.0500000000000005	1.64924850090539
0.0505000000000005	1.64851270275127
0.0510000000000005	1.64776992667456
0.0515000000000005	1.64702018272605
0.0520000000000005	1.64626348104818
0.0525000000000005	1.64549983187490
0.0530000000000005	1.64472924553135
0.0535000000000005	1.64395173243373
0.0540000000000005	1.64316730308906
0.0545000000000005	1.64237596809493
0.0550000000000005	1.64157773813933
0.0555000000000005	1.64077262400038
0.0560000000000005	1.63996063654615
0.0565000000000005	1.63914178673439
0.0570000000000005	1.63831608561234
0.0575000000000005	1.63748354431649
0.0580000000000005	1.63664417407234
0.0585000000000005	1.63579798619416
0.0590000000000005	1.63494499208479
0.0595000000000005	1.63408520323538
0.0600000000000005	1.63321863122513
0.0605000000000005	1.63234528772111
0.0610000000000005	1.63146518447795
0.0615000000000005	1.63057833333765
0.0620000000000005	1.62968474622932
0.0625000000000005	1.62878443516891
0.0630000000000005	1.62787741225900
0.0635000000000005	1.62696368968853
0.0640000000000005	1.62604327973253
0.0645000000000005	1.62511619475191
0.0650000000000005	1.62418244719319
0.0655000000000005	1.62324204958820
0.0660000000000005	1.62229501455389
0.0665000000000005	1.62134135479203
0.0670000000000005	1.62038108308896
0.0675000000000005	1.61941421231532
0.0680000000000005	1.61844075542580
0.0685000000000005	1.61746072545885
0.0690000000000005	1.61647413553644
0.0695000000000005	1.61548099886378
0.0700000000000005	1.61448132872904
0.0705000000000005	1.61347513850308
0.0710000000000005	1.61246244163920
0.0715000000000005	1.61144325167284
0.0720000000000005	1.61041758222130
0.0725000000000005	1.60938544698348
0.0730000000000005	1.60834685973959
0.0735000000000005	1.60730183435087
0.0740000000000005	1.60625038475931
0.0745000000000005	1.60519252498736
0.0750000000000005	1.60412826913765
0.0755000000000005	1.60305763139271
0.0760000000000005	1.60198062601464
0.0765000000000005	1.60089726734489
0.0770000000000005	1.59980756980390
0.0775000000000005	1.59871154789087
0.0780000000000005	1.59760921618339
0.0785000000000005	1.59650058933722
0.0790000000000005	1.59538568208595
0.0795000000000005	1.59426450924070
0.0800000000000005	1.59313708568986
0.0805000000000005	1.59200342639872
0.0810000000000005	1.59086354640924
0.0815000000000005	1.58971746083969
0.0820000000000005	1.58856518488439
0.0825000000000005	1.58740673381336
0.0830000000000005	1.58624212297203
0.0835000000000005	1.58507136778096
0.0840000000000005	1.58389448373548
0.0845000000000005	1.58271148640541
0.0850000000000005	1.58152239143472
0.0855000000000005	1.58032721454126
0.0860000000000005	1.57912597151639
0.0865000000000005	1.57791867822470
0.0870000000000005	1.57670535060370
0.0875000000000005	1.57548600466345
0.0880000000000005	1.57426065648629
0.0885000000000005	1.57302932222649
0.0890000000000005	1.57179201810994
0.0895000000000005	1.57054876043382
0.0900000000000005	1.56929956556627
0.0905000000000005	1.56804444994609
0.0910000000000005	1.56678343008236
0.0915000000000005	1.56551652255415
0.0920000000000005	1.56424374401021
0.0925000000000005	1.56296511116857
0.0930000000000005	1.56168064081626
0.0935000000000005	1.56039034980898
0.0940000000000005	1.55909425507073
0.0945000000000005	1.55779237359350
0.0950000000000005	1.55648472243692
0.0955000000000005	1.55517131872794
0.0960000000000005	1.55385217966047
0.0965000000000005	1.55252732249504
0.0970000000000005	1.55119676455849
0.0975000000000005	1.54986052324358
0.0980000000000005	1.54851861600870
0.0985000000000005	1.54717106037747
0.0990000000000005	1.54581787393843
0.0995000000000005	1.54445907434470
0.100000000000001	1.54309467931361
0.100500000000001	1.54172470662635
0.101000000000001	1.54034917412764
0.101500000000001	1.53896809972538
0.102000000000001	1.53758150139028
0.102500000000001	1.53618939715551
0.103000000000001	1.53479180511638
0.103500000000001	1.53338874342993
0.104000000000001	1.53198023031463
0.104500000000001	1.53056628404999
0.105000000000001	1.52914692297622
0.105500000000001	1.52772216549387
0.106000000000001	1.52629203006345
0.106500000000001	1.52485653520511
0.107000000000001	1.52341569949826
0.107500000000001	1.52196954158119
0.108000000000001	1.52051808015075
0.108500000000001	1.51906133396194
0.109000000000001	1.51759932182760
0.109500000000001	1.51613206261799
0.110000000000001	1.51465957526049
0.110500000000001	1.51318187873916
0.111000000000001	1.51169899209443
0.111500000000001	1.51021093442271
0.112000000000001	1.50871772487604
0.112500000000001	1.50721938266169
0.113000000000001	1.50571592704182
0.113500000000001	1.50420737733310
0.114000000000001	1.50269375290634
0.114500000000001	1.50117507318612
0.115000000000001	1.49965135765041
0.115500000000001	1.49812262583021
0.116000000000001	1.49658889730917
0.116500000000001	1.49505019172322
0.117000000000001	1.49350652876019
0.117500000000001	1.49195792815943
0.118000000000001	1.49040440971147
0.118500000000001	1.48884599325759
0.119000000000001	1.48728269868949
0.119500000000001	1.48571454594887
0.120000000000001	1.48414155502709
0.120500000000001	1.48256374596480
0.121000000000001	1.48098113885149
0.121500000000001	1.47939375382519
0.122000000000001	1.47780161107206
0.122500000000001	1.47620473082600
0.123000000000001	1.47460313336829
0.123500000000001	1.47299683902717
0.124000000000001	1.47138586817752
0.124500000000001	1.46977024124042
0.125000000000001	1.46814997868281
0.125500000000001	1.46652510101705
0.126000000000001	1.46489562880062
0.126500000000001	1.46326158263567
0.127000000000001	1.46162298316865
0.127500000000001	1.45997985108994
0.128000000000001	1.45833220713345
0.128500000000001	1.45668007207625
0.129000000000001	1.45502346673818
0.129500000000001	1.45336241198143
0.130000000000001	1.45169692871022
0.130500000000001	1.45002703787036
0.131000000000001	1.44835276044888
0.131500000000001	1.44667411747363
0.132000000000001	1.44499113001294
0.132500000000001	1.44330381917515
0.133000000000001	1.44161220610832
0.133500000000001	1.43991631199974
0.134000000000001	1.43821615807563
0.134500000000001	1.43651176560070
0.135000000000001	1.43480315587778
0.135500000000001	1.43309035024741
0.136000000000001	1.43137337008747
0.136500000000001	1.42965223681281
0.137000000000001	1.42792697187482
0.137500000000001	1.42619759676103
0.138000000000001	1.42446413299480
0.138500000000001	1.42272660213484
0.139000000000001	1.42098502577487
0.139500000000001	1.41923942554321
0.140000000000001	1.41748982310239
0.140500000000001	1.41573624014878
0.141000000000001	1.41397869841217
0.141500000000001	1.41221721965541
0.142000000000001	1.41045182567399
0.142500000000001	1.40868253829567
0.143000000000001	1.40690937938006
0.143500000000001	1.40513237081828
0.144000000000001	1.40335153453252
0.144500000000001	1.40156689247567
0.145000000000001	1.39977846663094
0.145500000000001	1.39798627901145
0.146000000000001	1.39619035165983
0.146500000000001	1.39439070664786
0.147000000000001	1.39258736607607
0.147500000000001	1.39078035207332
0.148000000000001	1.38896968679647
0.148500000000001	1.38715539242991
0.149000000000001	1.38533749118524
0.149500000000001	1.38351600530084
0.150000000000001	1.38169095704149
0.150500000000001	1.37986236869799
0.151000000000001	1.37803026258675
0.151500000000001	1.37619466104942
0.152000000000001	1.37435558645248
0.152500000000001	1.37251306118687
0.153000000000001	1.37066710766760
0.153500000000001	1.36881774833333
0.154000000000001	1.36696500564603
0.154500000000001	1.36510890209055
0.155000000000001	1.36324946017425
0.155500000000001	1.36138670242660
0.156000000000001	1.35952065139883
0.156500000000001	1.35765132966348
0.157000000000001	1.35577875981406
0.157500000000001	1.35390296446465
0.158000000000001	1.35202396624950
0.158500000000001	1.35014178782266
0.159000000000001	1.34825645185760
0.159500000000001	1.34636798104680
0.160000000000001	1.34447639810137
0.160500000000001	1.34258172575068
0.161000000000001	1.34068398674197
0.161500000000001	1.33878320383995
0.162000000000001	1.33687939982643
0.162500000000001	1.33497259749994
0.163000000000001	1.33306281967533
0.163500000000001	1.33115008918339
0.164000000000001	1.32923442887050
0.164500000000001	1.32731586159819
0.165000000000001	1.32539441024280
0.165500000000001	1.32347009769509
0.166000000000001	1.32154294685986
0.166500000000001	1.31961298065556
0.167000000000001	1.31768022201391
0.167500000000001	1.31574469387954
0.168000000000001	1.31380641920958
0.168500000000001	1.31186542097330
0.169000000000001	1.30992172215175
0.169500000000001	1.30797534573734
0.170000000000001	1.30602631473349
0.170500000000001	1.30407465215426
0.171000000000001	1.30212038102394
0.171500000000001	1.30016352437672
0.172000000000001	1.29820410525627
0.172500000000001	1.29624214671540
0.173000000000001	1.29427767181568
0.173500000000001	1.29231070362705
0.174000000000001	1.29034126522746
0.174500000000001	1.28836937970248
0.175000000000001	1.28639507014498
0.175500000000001	1.28441835965470
0.176000000000001	1.28243927133789
0.176500000000001	1.28045782830699
0.177000000000001	1.27847405368020
0.177500000000001	1.27648797058113
0.178000000000001	1.27449960213846
0.178500000000001	1.27250897148555
0.179000000000001	1.27051610176007
0.179500000000001	1.26852101610363
0.180000000000001	1.26652373766145
0.180500000000001	1.26452428958196
0.181000000000001	1.26252269501645
0.181500000000001	1.26051897711870
0.182000000000001	1.25851315904464
0.182500000000001	1.25650526395196
0.183000000000001	1.25449531499977
0.183500000000001	1.25248333534823
0.184000000000001	1.25046934815822
0.184500000000001	1.24845337659091
0.185000000000001	1.24643544380748
0.185500000000001	1.24441557296875
0.186000000000001	1.24239378723478
0.186500000000001	1.24037010976454
0.187000000000001	1.23834456371560
0.187500000000001	1.23631717224369
0.188000000000001	1.23428795850242
0.188500000000001	1.23225694564290
0.189000000000001	1.23022415681340
0.189500000000001	1.22818961515898
0.190000000000001	1.22615334382116
0.190500000000001	1.22411536593757
0.191000000000001	1.22207570464160
0.191500000000001	1.22003438306206
0.192000000000001	1.21799142432280
0.192500000000001	1.21594685154244
0.193000000000001	1.21390068783395
0.193500000000001	1.21185295630435
0.194000000000001	1.20980368005435
0.194500000000001	1.20775288217804
0.195000000000001	1.20570058576249
0.195500000000001	1.20364681388749
0.196000000000001	1.20159158962515
0.196500000000001	1.19953493603959
0.197000000000001	1.19747687618659
0.197500000000001	1.19541743311329
0.198000000000001	1.19335662985781
0.198500000000001	1.19129448944896
0.199000000000001	1.18923103490586
0.199500000000001	1.18716628923766
0.200000000000001	1.18510027544318
0.200500000000001	1.18303301651059
0.201000000000001	1.18096453541708
0.201500000000001	1.17889485512856
0.202000000000001	1.17682399859926
0.202500000000001	1.17475198877151
0.203000000000001	1.17267884857533
0.203500000000001	1.17060460092816
0.204000000000001	1.16852926873449
0.204500000000001	1.16645287488562
0.205000000000001	1.16437544225925
0.205500000000001	1.16229699371923
0.206000000000001	1.16021755211519
0.206500000000001	1.15813714028228
0.207000000000001	1.15605578104081
0.207500000000001	1.15397349719597
0.208000000000001	1.15189031153749
0.208500000000001	1.14980624683935
0.209000000000001	1.14772132585946
0.209500000000001	1.14563557133935
0.210000000000001	1.14354900600387
0.210500000000001	1.14146165256087
0.211000000000001	1.13937353370094
0.211500000000001	1.13728467209702
0.212000000000001	1.13519509040419
0.212500000000001	1.13310481125931
0.213000000000001	1.13101385728073
0.213500000000001	1.12892225106802
0.214000000000001	1.12683001520163
0.214500000000001	1.12473717224262
0.215000000000001	1.12264374473235
0.215500000000001	1.12054975519222
0.216000000000001	1.11845522612333
0.216500000000001	1.11636018000620
0.217000000000001	1.11426463930051
0.217500000000001	1.11216862644478
0.218000000000001	1.11007216385610
0.218500000000001	1.10797527392981
0.219000000000001	1.10587797903926
0.219500000000001	1.10378030153551
0.220000000000001	1.10168226374704
0.220500000000001	1.09958388797945
0.221000000000001	1.09748519651522
0.221500000000001	1.09538621161341
0.222000000000001	1.09328695550939
0.222500000000001	1.09118745041453
0.223000000000001	1.08908771851599
0.223500000000001	1.08698778197637
0.224000000000001	1.08488766293352
0.224500000000001	1.08278738350018
0.225000000000001	1.08068696576378
0.225500000000001	1.07858643178614
0.226000000000001	1.07648580360322
0.226500000000001	1.07438510322484
0.227000000000001	1.07228435263439
0.227500000000001	1.07018357378864
0.228000000000001	1.06808278861740
0.228500000000001	1.06598201902332
0.229000000000001	1.06388128688158
0.229500000000001	1.06178061403967
0.230000000000001	1.05968002231713
0.230500000000001	1.05757953350526
0.231000000000001	1.05547916936691
0.231500000000001	1.05337895163621
0.232000000000001	1.05127890201831
0.232500000000001	1.04917904218913
0.233000000000001	1.04707939379515
0.233500000000001	1.04497997845312
0.234000000000001	1.04288081774981
0.234500000000001	1.04078193324182
0.235000000000001	1.03868334645527
0.235500000000001	1.03658507888561
0.236000000000001	1.03448715199737
0.236500000000001	1.03238958722388
0.237000000000001	1.03029240596710
0.237500000000001	1.02819562959733
0.238000000000001	1.02609927945302
0.238500000000001	1.02400337684048
0.239000000000001	1.02190794303372
0.239500000000001	1.01981299927417
0.240000000000001	1.01771856677044
0.240500000000001	1.01562466669816
0.241000000000001	1.01353132019968
0.241500000000001	1.01143854838390
0.242000000000001	1.00934637232602
0.242500000000001	1.00725481306731
0.243000000000001	1.00516389161493
0.243500000000001	1.00307362894167
0.244000000000001	1.00098404598576
0.244500000000001	0.998895163650636
0.245000000000001	0.996807002804741
0.245500000000001	0.994719584281306
0.246000000000001	0.992632928878139
0.246500000000001	0.990547057357417
0.247000000000001	0.988461990445475
0.247500000000001	0.986377748832605
0.248000000000001	0.984294353172845
0.248500000000001	0.982211824083778
0.249000000000001	0.980130182146332
0.249500000000001	0.978049447904574
0.250000000000001	0.975969641865515
0.250500000000001	0.973890784498913
0.251000000000001	0.971812896237072
0.251500000000001	0.969735997474650
0.252000000000001	0.967660108568469
0.252500000000001	0.965585249837318
0.253000000000001	0.963511441561762
0.253500000000001	0.961438703983960
0.254000000000001	0.959367057307470
0.254500000000001	0.957296521697069
0.255000000000001	0.955227117278563
0.255500000000001	0.953158864138611
0.256000000000001	0.951091782324537
0.256500000000001	0.949025891844153
0.257000000000001	0.946961212665581
0.257500000000001	0.944897764717075
0.258000000000001	0.942835567886846
0.258500000000001	0.940774642022887
0.259000000000001	0.938715006932803
0.259500000000001	0.936656682383637
0.260000000000001	0.934599688101703
0.260500000000001	0.932544043772417
0.261000000000001	0.930489769040130
0.261500000000001	0.928436883507962
0.262000000000001	0.926385406737642
0.262500000000001	0.924335358249343
0.263000000000001	0.922286757521524
0.263500000000001	0.920239623990765
0.264000000000001	0.918193977051619
0.264500000000001	0.916149836056447
0.265000000000001	0.914107220315268
0.265500000000001	0.912066149095607
0.266000000000001	0.910026641622339
0.266500000000001	0.907988717077543
0.267000000000001	0.905952394600350
0.267500000000001	0.903917693286801
0.268000000000001	0.901884632189696
0.268500000000001	0.899853230318451
0.269000000000001	0.897823506638960
0.269500000000001	0.895795480073447
0.270000000000001	0.893769169500333
0.270500000000001	0.891744593754090
0.271000000000001	0.889721771625113
0.271500000000001	0.887700721859579
0.272000000000001	0.885681463159316
0.272500000000001	0.883664014181669
0.273000000000001	0.881648393539371
0.273500000000001	0.879634619800413
0.274000000000001	0.877622711487914
0.274500000000001	0.875612687080000
0.275000000000001	0.873604565009674
0.275500000000001	0.871598363664696
0.276000000000001	0.869594101387460
0.276500000000001	0.867591796474874
0.277000000000001	0.865591467178237
0.277500000000001	0.863593131703132
0.278000000000001	0.861596808209298
0.278500000000001	0.859602514810523
0.279000000000001	0.857610269574530
0.279500000000001	0.855620090522860
0.280000000000001	0.853631995630772
0.280500000000001	0.851646002827126
0.281000000000001	0.849662129994278
0.281500000000001	0.847680394967975
0.282000000000001	0.845700815537252
0.282500000000001	0.843723409444327
0.283000000000001	0.841748194384501
0.283500000000001	0.839775188006055
0.284000000000001	0.837804407910158
0.284500000000001	0.835835871650764
0.285000000000001	0.833869596734520
0.285500000000001	0.831905600620667
0.286000000000001	0.829943900720956
0.286500000000001	0.827984514399548
0.287000000000001	0.826027458972929
0.287500000000001	0.824072751709820
0.288000000000001	0.822120409831092
0.288500000000001	0.820170450509676
0.289000000000001	0.818222890870485
0.289500000000001	0.816277747990326
0.290000000000001	0.814335038897822
0.290500000000001	0.812394780573332
0.291000000000001	0.810456989948869
0.291500000000001	0.808521683908028
0.292000000000001	0.806588879285907
0.292500000000001	0.804658592869034
0.293000000000001	0.802730841395295
0.293500000000001	0.800805641553859
0.294000000000001	0.798883009985113
0.294500000000001	0.796962963280589
0.295000000000001	0.795045517982901
0.295500000000001	0.793130690585674
0.296000000000001	0.791218497533483
0.296500000000001	0.789308955221792
0.297000000000001	0.787402079996885
0.297500000000001	0.785497888155812
0.298000000000001	0.783596395946329
0.298500000000001	0.781697619566837
0.299000000000001	0.779801575166330
0.299500000000001	0.777908278844338
0.300000000000001	0.776017746650872
0.300500000000001	0.774129994586373
0.301000000000001	0.772245038601665
0.301500000000001	0.770362894597898
0.302000000000001	0.768483578426504
0.302500000000001	0.766607105889151
0.303000000000001	0.764733492737695
0.303500000000001	0.762862754674139
0.304000000000001	0.760994907350584
0.304500000000001	0.759129966369195
0.305000000000001	0.757267947282155
0.305500000000001	0.755408865591628
0.306000000000001	0.753552736749722
0.306500000000001	0.751699576158452
0.307000000000001	0.749849399169703
0.307500000000001	0.748002221085201
0.308000000000001	0.746158057156474
0.308500000000001	0.744316922584827
0.309000000000001	0.742478832521307
0.309500000000001	0.740643802066678
0.310000000000001	0.738811846271391
0.310500000000001	0.736982980135559
0.311000000000001	0.735157218608933
0.311500000000001	0.733334576590876
0.312000000000001	0.731515068930341
0.312500000000001	0.729698710425853
0.313000000000001	0.727885515825485
0.313500000000001	0.726075499826840
0.314000000000001	0.724268677077037
0.314500000000001	0.722465062172690
0.315000000000001	0.720664669659896
0.315500000000001	0.718867514034220
0.316000000000001	0.717073609740683
0.316500000000001	0.715282971173750
0.317000000000001	0.713495612677319
0.317500000000001	0.711711548544714
0.318000000000001	0.709930793018676
0.318500000000001	0.708153360291357
0.319000000000001	0.706379264504312
0.319500000000001	0.704608519748497
0.320000000000001	0.702841140064267
0.320500000000001	0.701077139441371
0.321000000000001	0.699316531818953
0.321500000000001	0.697559331085552
0.322000000000001	0.695805551079101
0.322500000000001	0.694055205586936
0.323000000000001	0.692308308345791
0.323500000000001	0.690564873041812
0.324000000000001	0.688824913310554
0.324500000000001	0.687088442736995
0.325000000000001	0.685355474855541
0.325500000000001	0.683626023150036
0.326000000000001	0.681900101053771
0.326500000000001	0.680177721949499
0.327000000000001	0.678458899169444
0.327500000000001	0.676743645995314
0.328000000000001	0.675031975658322
0.328500000000001	0.673323901339194
0.329000000000001	0.671619436168190
0.329500000000001	0.669918593225122
0.330000000000001	0.668221385539372
0.330500000000001	0.666527826089910
0.331000000000001	0.664837927805320
0.331500000000001	0.663151703563817
0.332000000000001	0.661469166193275
0.332500000000001	0.659790328471246
0.333000000000001	0.658115203124988
0.333500000000001	0.656443802831491
0.334000000000001	0.654776140217504
0.334500000000001	0.653112227859564
0.335000000000001	0.651452078284021
0.335500000000001	0.649795703967073
0.336000000000001	0.648143117334797
0.336500000000001	0.646494330763176
0.337000000000001	0.644849356578137
0.337500000000001	0.643208207055584
0.338000000000001	0.641570894421431
0.338500000000001	0.639937430851639
0.339000000000001	0.638307828472253
0.339500000000001	0.636682099359440
0.340000000000001	0.635060255539527
0.340500000000001	0.633442308989040
0.341000000000001	0.631828271634748
0.341500000000001	0.630218155353698
0.342000000000001	0.628611971973262
0.342500000000001	0.627009733271181
0.343000000000001	0.625411450975606
0.343500000000001	0.623817136765143
0.344000000000001	0.622226802268901
0.344500000000001	0.620640459066538
0.345000000000001	0.619058118688307
0.345500000000001	0.617479792615106
0.346000000000001	0.615905492278527
0.346500000000001	0.614335229060906
0.347000000000001	0.612769014295371
0.347500000000001	0.611206859265901
0.348000000000001	0.609648775207369
0.348500000000001	0.608094773305603
0.349000000000001	0.606544864697438
0.349500000000001	0.604999060470769
0.350000000000001	0.603457371664607
0.350500000000001	0.601919809269139
0.351000000000001	0.600386384225780
0.351500000000001	0.598857107427237
0.352000000000001	0.597331989717561
0.352500000000001	0.595811041892214
0.353000000000001	0.594294274698123
0.353500000000001	0.592781698833743
0.354000000000001	0.591273324949123
0.354500000000001	0.589769163645960
0.355000000000001	0.588269225477671
0.355500000000001	0.586773520949451
0.356000000000001	0.585282060518340
0.356500000000001	0.583794854593288
0.357000000000001	0.582311913535221
0.357500000000001	0.580833247657108
0.358000000000001	0.579358867224027
0.358500000000001	0.577888782453236
0.359000000000001	0.576423003514238
0.359500000000001	0.574961540528853
0.360000000000001	0.573504403571287
0.360500000000001	0.572051602668202
0.361000000000001	0.570603147798791
0.361500000000001	0.569159048894843
0.362000000000001	0.567719315840823
0.362500000000001	0.566283958473939
0.363000000000001	0.564852986584220
0.363500000000001	0.563426409914588
0.364000000000001	0.562004238160935
0.364500000000001	0.560586480972194
0.365000000000001	0.559173147950421
0.365500000000001	0.557764248650869
0.366000000000001	0.556359792582063
0.366500000000001	0.554959789205880
0.367000000000001	0.553564247937629
0.367500000000001	0.552173178146126
0.368000000000001	0.550786589153776
0.368500000000001	0.549404490236651
0.369000000000001	0.548026890624573
0.369500000000001	0.546653799501193
0.370000000000001	0.545285226004072
0.370500000000001	0.543921179224763
0.371000000000001	0.542561668208897
0.371500000000001	0.541206701956259
0.372000000000001	0.539856289420878
0.372500000000001	0.538510439511107
0.373000000000001	0.537169161089707
0.373500000000001	0.535832462973936
0.374000000000001	0.534500353935627
0.374500000000001	0.533172842701280
0.375000000000001	0.531849937952145
0.375500000000001	0.530531648324309
0.376000000000001	0.529217982408783
0.376500000000001	0.527908948751587
0.377000000000001	0.526604555853843
0.377500000000001	0.525304812171855
0.378000000000001	0.524009726117206
0.378500000000001	0.522719306056842
0.379000000000001	0.521433560313158
0.379500000000001	0.520152497164096
0.380000000000001	0.518876124843228
0.380500000000001	0.517604451539847
0.381000000000001	0.516337485399060
0.381500000000001	0.515075234521879
0.382000000000001	0.513817706965308
0.382500000000001	0.512564910742437
0.383000000000001	0.511316853822538
0.383500000000001	0.510073544131148
0.384000000000001	0.508834989550170
0.384500000000001	0.507601197917960
0.385000000000001	0.506372177029422
0.385500000000001	0.505147934636101
0.386000000000001	0.503928478446279
0.386500000000001	0.502713816125064
0.387000000000001	0.501503955294486
0.387500000000001	0.500298903533593
0.388000000000001	0.499098668378542
0.388500000000001	0.497903257322697
0.389000000000001	0.496712677816722
0.389500000000001	0.495526937268676
0.390000000000001	0.494346043044110
0.390500000000001	0.493170002466160
0.391000000000001	0.491998822815644
0.391500000000001	0.490832511331159
0.392000000000001	0.489671075209174
0.392500000000001	0.488514521604130
0.393000000000001	0.487362857628532
0.393500000000001	0.486216090353050
0.394000000000001	0.485074226806613
0.394500000000001	0.483937273976505
0.395000000000001	0.482805238808464
0.395500000000001	0.481678128206780
0.396000000000001	0.480555949034387
0.396500000000001	0.479438708112966
0.397000000000001	0.478326412223039
0.397500000000001	0.477219068104070
0.398000000000001	0.476116682454556
0.398500000000001	0.475019261932132
0.399000000000001	0.473926813153663
0.399500000000001	0.472839342695346
0.400000000000001	0.471756857092806
0.400500000000001	0.470679362841191
0.401000000000001	0.469606866395278
0.401500000000001	0.468539374169560
0.402000000000001	0.467476892538354
0.402500000000001	0.466419427835892
0.403000000000001	0.465366986356424
0.403500000000001	0.464319574354313
0.404000000000001	0.463277198044133
0.404500000000001	0.462239863600768
0.405000000000001	0.461207577159512
0.405500000000001	0.460180344816162
0.406000000000001	0.459158172627123
0.406500000000001	0.458141066609496
0.407000000000001	0.457129032741187
0.407500000000001	0.456122076960998
0.408000000000001	0.455120205168726
0.408500000000001	0.454123423225261
0.409000000000001	0.453131736952684
0.409500000000001	0.452145152134367
0.410000000000001	0.451163674515064
0.410500000000001	0.450187309801016
0.411000000000001	0.449216063660042
0.411500000000001	0.448249941721641
0.412000000000001	0.447288949577088
0.412500000000001	0.446333092779528
0.413000000000001	0.445382376844077
0.413500000000001	0.444436807247915
0.414000000000001	0.443496389430388
0.414500000000001	0.442561128793097
0.415000000000001	0.441631030700003
0.415500000000001	0.440706100477514
0.416000000000001	0.439786343414590
0.416500000000001	0.438871764762832
0.417000000000001	0.437962369736582
0.417500000000001	0.437058163513016
0.418000000000001	0.436159151232240
0.418500000000001	0.435265337997385
0.419000000000001	0.434376728874705
0.419500000000001	0.433493328893667
0.420000000000001	0.432615143047048
0.420500000000001	0.431742176291028
0.421000000000001	0.430874433545287
0.421500000000001	0.430011919693096
0.422000000000001	0.429154639581412
0.422500000000001	0.428302598020970
0.423000000000001	0.427455799786378
0.423500000000001	0.426614249616208
0.424000000000001	0.425777952213092
0.424500000000001	0.424946912243809
0.425000000000001	0.424121134339383
0.425500000000001	0.423300623095169
0.426000000000001	0.422485383070948
0.426500000000001	0.421675418791021
0.427000000000001	0.420870734744291
0.427500000000001	0.420071335384364
0.428000000000001	0.419277225129632
0.428500000000001	0.418488408363366
0.429000000000001	0.417704889433805
0.429500000000001	0.416926672654247
0.430000000000001	0.416153762303134
0.430500000000001	0.415386162624146
0.431000000000001	0.414623877826284
0.431500000000001	0.413866912083963
0.432000000000001	0.413115269537095
0.432500000000001	0.412368954291180
0.433000000000001	0.411627970417391
0.433500000000001	0.410892321952661
0.434000000000001	0.410162012899768
0.434500000000001	0.409437047227425
0.435000000000001	0.408717428870358
0.435500000000001	0.408003161729398
0.436000000000001	0.407294249671563
0.436500000000001	0.406590696530141
0.437000000000001	0.405892506104775
0.437500000000001	0.405199682161545
0.438000000000001	0.404512228433055
0.438500000000001	0.403830148618510
0.439000000000001	0.403153446383801
0.439500000000001	0.402482125361589
0.440000000000001	0.401816189151380
0.440500000000001	0.401155641319611
0.441000000000001	0.400500485399728
0.441500000000001	0.399850724892268
0.442000000000001	0.399206363264935
0.442500000000001	0.398567403952681
0.443000000000001	0.397933850357784
0.443500000000001	0.397305705849929
0.444000000000001	0.396682973766278
0.444500000000001	0.396065657411555
0.445000000000001	0.395453760058117
0.445500000000001	0.394847284946035
0.446000000000001	0.394246235283164
0.446500000000001	0.393650614245221
0.447000000000001	0.393060424975859
0.447500000000001	0.392475670586744
0.448000000000001	0.391896354157621
0.448500000000001	0.391322478736394
0.449000000000001	0.390754047339197
0.449500000000001	0.390191062950461
0.450000000000001	0.389633528522994
0.450500000000001	0.389081446978042
0.451000000000001	0.388534821205367
0.451500000000001	0.387993654063313
0.452000000000001	0.387457948378877
0.452500000000001	0.386927706947774
0.453000000000001	0.386402932534509
0.453500000000001	0.385883627872443
0.454000000000001	0.385369795663860
0.454500000000001	0.384861438580033
0.455000000000001	0.384358559261288
0.455500000000001	0.383861160317073
0.456000000000001	0.383369244326020
0.456500000000001	0.382882813836009
0.457000000000001	0.382401871364231
0.457500000000001	0.381926419397252
0.458000000000001	0.381456460391077
0.458500000000001	0.380991996771204
0.459000000000001	0.380533030932695
0.459500000000001	0.380079565240229
0.460000000000001	0.379631602028163
0.460500000000001	0.379189143600595
0.461000000000001	0.378752192231416
0.461500000000001	0.378320750164375
0.462000000000001	0.377894819613130
0.462500000000001	0.377474402761308
0.463000000000001	0.377059501762558
0.463500000000001	0.376650118740612
0.464000000000001	0.376246255789332
0.464500000000001	0.375847914972769
0.465000000000001	0.375455098325216
0.465500000000001	0.375067807851259
0.466000000000001	0.374686045525828
0.466500000000001	0.374309813294252
0.467000000000001	0.373939113072307
0.467500000000001	0.373573946746267
0.468000000000001	0.373214316172950
0.468500000000001	0.372860223179774
0.469000000000001	0.372511669564796
0.469500000000001	0.372168657096768
0.470000000000001	0.371831187515175
0.470500000000001	0.371499262530288
0.471000000000001	0.371172883823205
0.471500000000001	0.370852053045898
0.472000000000001	0.370536771821255
0.472500000000001	0.370227041743122
0.473000000000001	0.369922864376351
0.473500000000001	0.369624241256836
0.474000000000001	0.369331173891555
0.474500000000001	0.369043663758611
0.475000000000001	0.368761712307274
0.475500000000001	0.368485320958018
0.476000000000001	0.368214491102554
0.476500000000001	0.367949224103878
0.477000000000001	0.367689521296300
0.477500000000001	0.367435383985480
0.478000000000001	0.367186813448467
0.478500000000001	0.366943810933733
0.479000000000001	0.366706377661203
0.479500000000001	0.366474514822294
0.480000000000001	0.366248223579940
0.480500000000001	0.366027505068630
0.481000000000001	0.365812360394438
0.481500000000001	0.365602790635048
0.482000000000001	0.365398796839792
0.482500000000001	0.365200380029668
0.483000000000001	0.365007541197379
0.483500000000001	0.364820281307351
0.484000000000001	0.364638601295767
0.484500000000001	0.364462502070585
0.485000000000001	0.364291984511569
0.485500000000001	0.364127049470312
0.486000000000001	0.363967697770256
0.486500000000001	0.363813930206720
0.487000000000001	0.363665747546917
0.487500000000001	0.363523150529978
0.488000000000001	0.363386139866972
0.488500000000001	0.363254716240925
0.489000000000001	0.363128880306838
0.489500000000001	0.363008632691708
0.490000000000001	0.362893973994543
0.490500000000001	0.362784904786380
0.491000000000001	0.362681425610297
0.491500000000001	0.362583536981436
0.492000000000001	0.362491239387009
0.492500000000001	0.362404533286314
0.493000000000001	0.362323419110752
0.493500000000001	0.362247897263834
0.494000000000001	0.362177968121194
0.494500000000001	0.362113632030598
0.495000000000001	0.362054889311957
0.495500000000001	0.362001740257334
0.496000000000001	0.361954185130949
0.496500000000001	0.361912224169194
0.497000000000001	0.361875857580630
0.497500000000001	0.361845085546003
0.498000000000001	0.361819908218239
0.498500000000001	0.361800325722455
0.499000000000001	0.361786338155962
0.499500000000001	0.361777945588266