-0.500000000000000	0.772282507778264
-0.499500000000000	0.772283626512709
-0.499000000000000	0.772286982705198
-0.498500000000000	0.772292576323201
-0.498000000000000	0.772300407312498
-0.497500000000000	0.772310475597184
-0.497000000000000	0.772322781079667
-0.496500000000000	0.772337323640671
-0.496000000000000	0.772354103139233
-0.495500000000000	0.772373119412710
-0.495000000000000	0.772394372276776
-0.494500000000000	0.772417861525426
-0.494000000000000	0.772443586930978
-0.493500000000000	0.772471548244072
-0.493000000000000	0.772501745193676
-0.492500000000000	0.772534177487088
-0.492000000000000	0.772568844809936
-0.491500000000000	0.772605746826182
-0.491000000000000	0.772644883178129
-0.490500000000000	0.772686253486417
-0.490000000000000	0.772729857350034
-0.489500000000000	0.772775694346313
-0.489000000000000	0.772823764030941
-0.488500000000000	0.772874065937959
-0.488000000000000	0.772926599579771
-0.487500000000000	0.772981364447144
-0.487000000000000	0.773038360009215
-0.486500000000000	0.773097585713494
-0.486000000000000	0.773159040985872
-0.485500000000000	0.773222725230624
-0.485000000000000	0.773288637830414
-0.484500000000000	0.773356778146304
-0.484000000000000	0.773427145517755
-0.483500000000000	0.773499739262637
-0.483000000000000	0.773574558677234
-0.482500000000000	0.773651603036250
-0.482000000000000	0.773730871592814
-0.481500000000000	0.773812363578492
-0.481000000000000	0.773896078203288
-0.480500000000000	0.773982014655656
-0.480000000000000	0.774070172102505
-0.479500000000000	0.774160549689206
-0.479000000000000	0.774253146539601
-0.478500000000000	0.774347961756013
-0.478000000000000	0.774444994419249
-0.477500000000000	0.774544243588615
-0.477000000000000	0.774645708301918
-0.476500000000000	0.774749387575479
-0.476000000000000	0.774855280404142
-0.475500000000000	0.774963385761281
-0.475000000000000	0.775073702598812
-0.474500000000000	0.775186229847199
-0.474000000000000	0.775300966415468
-0.473500000000000	0.775417911191214
-0.473000000000000	0.775537063040612
-0.472500000000000	0.775658420808429
-0.472000000000000	0.775781983318030
-0.471500000000000	0.775907749371396
-0.471000000000000	0.776035717749128
-0.470500000000000	0.776165887210462
-0.470000000000000	0.776298256493279
-0.469500000000000	0.776432824314118
-0.469000000000000	0.776569589368185
-0.468500000000000	0.776708550329369
-0.468000000000000	0.776849705850250
-0.467500000000000	0.776993054562114
-0.467000000000000	0.777138595074964
-0.466500000000000	0.777286325977535
-0.466000000000000	0.777436245837305
-0.465500000000000	0.777588353200507
-0.465000000000000	0.777742646592145
-0.464500000000000	0.777899124516008
-0.464000000000000	0.778057785454678
-0.463500000000000	0.778218627869553
-0.463000000000000	0.778381650200852
-0.462500000000000	0.778546850867637
-0.462000000000000	0.778714228267820
-0.461500000000000	0.778883780778185
-0.461000000000000	0.779055506754398
-0.460500000000000	0.779229404531024
-0.460000000000000	0.779405472421542
-0.459500000000000	0.779583708718360
-0.459000000000000	0.779764111692830
-0.458500000000000	0.779946679595268
-0.458000000000000	0.780131410654964
-0.457500000000000	0.780318303080202
-0.457000000000000	0.780507355058276
-0.456500000000000	0.780698564755506
-0.456000000000000	0.780891930317254
-0.455500000000000	0.781087449867945
-0.455000000000000	0.781285121511078
-0.454500000000000	0.781484943329248
-0.454000000000000	0.781686913384164
-0.453500000000000	0.781891029716662
-0.453000000000000	0.782097290346729
-0.452500000000000	0.782305693273516
-0.452000000000000	0.782516236475360
-0.451500000000000	0.782728917909801
-0.451000000000000	0.782943735513599
-0.450500000000000	0.783160687202760
-0.450000000000000	0.783379770872544
-0.449500000000000	0.783600984397494
-0.449000000000000	0.783824325631451
-0.448500000000000	0.784049792407575
-0.448000000000000	0.784277382538363
-0.447500000000000	0.784507093815674
-0.447000000000000	0.784738924010742
-0.446500000000000	0.784972870874202
-0.446000000000000	0.785208932136110
-0.445500000000000	0.785447105505962
-0.445000000000000	0.785687388672717
-0.444500000000000	0.785929779304815
-0.444000000000000	0.786174275050202
-0.443500000000000	0.786420873536352
-0.443000000000000	0.786669572370284
-0.442500000000000	0.786920369138589
-0.442000000000000	0.787173261407451
-0.441500000000000	0.787428246722666
-0.441000000000000	0.787685322609670
-0.440500000000000	0.787944486573558
-0.440000000000000	0.788205736099107
-0.439500000000000	0.788469068650802
-0.439000000000000	0.788734481672855
-0.438500000000000	0.789001972589235
-0.438000000000000	0.789271538803683
-0.437500000000000	0.789543177699745
-0.437000000000000	0.789816886640787
-0.436500000000000	0.790092662970028
-0.436000000000000	0.790370504010559
-0.435500000000000	0.790650407065367
-0.435000000000000	0.790932369417366
-0.434500000000000	0.791216388329415
-0.434000000000000	0.791502461044346
-0.433500000000000	0.791790584784991
-0.433000000000000	0.792080756754206
-0.432500000000000	0.792372974134895
-0.432000000000000	0.792667234090039
-0.431500000000000	0.792963533762723
-0.431000000000000	0.793261870276157
-0.430500000000000	0.793562240733706
-0.430000000000000	0.793864642218921
-0.429500000000000	0.794169071795555
-0.429000000000000	0.794475526507602
-0.428500000000000	0.794784003379314
-0.428000000000000	0.795094499415237
-0.427500000000000	0.795407011600234
-0.427000000000000	0.795721536899510
-0.426500000000000	0.796038072258650
-0.426000000000000	0.796356614603636
-0.425500000000000	0.796677160840880
-0.425000000000000	0.796999707857256
-0.424500000000000	0.797324252520123
-0.424000000000000	0.797650791677357
-0.423500000000000	0.797979322157378
-0.423000000000000	0.798309840769184
-0.422500000000000	0.798642344302375
-0.422000000000000	0.798976829527184
-0.421500000000000	0.799313293194510
-0.421000000000000	0.799651732035943
-0.420500000000000	0.799992142763798
-0.420000000000000	0.800334522071147
-0.419500000000000	0.800678866631841
-0.419000000000000	0.801025173100553
-0.418500000000000	0.801373438112796
-0.418000000000000	0.801723658284967
-0.417500000000000	0.802075830214365
-0.417000000000000	0.802429950479235
-0.416500000000000	0.802786015638792
-0.416000000000000	0.803144022233253
-0.415500000000000	0.803503966783873
-0.415000000000000	0.803865845792973
-0.414500000000000	0.804229655743977
-0.414000000000000	0.804595393101439
-0.413500000000000	0.804963054311080
-0.413000000000000	0.805332635799818
-0.412500000000000	0.805704133975804
-0.412000000000000	0.806077545228453
-0.411500000000000	0.806452865928480
-0.411000000000000	0.806830092427927
-0.410500000000000	0.807209221060207
-0.410000000000000	0.807590248140129
-0.409500000000000	0.807973169963936
-0.409000000000000	0.808357982809341
-0.408500000000000	0.808744682935557
-0.408000000000000	0.809133266583336
-0.407500000000000	0.809523729975000
-0.407000000000000	0.809916069314480
-0.406500000000000	0.810310280787347
-0.406000000000000	0.810706360560851
-0.405500000000000	0.811104304783955
-0.405000000000000	0.811504109587369
-0.404500000000000	0.811905771083590
-0.404000000000000	0.812309285366935
-0.403500000000000	0.812714648513577
-0.403000000000000	0.813121856581583
-0.402500000000000	0.813530905610950
-0.402000000000000	0.813941791623642
-0.401500000000000	0.814354510623625
-0.401000000000000	0.814769058596907
-0.400500000000000	0.815185431511574
-0.400000000000000	0.815603625317829
-0.399500000000000	0.816023635948024
-0.399000000000000	0.816445459316704
-0.398500000000000	0.816869091320645
-0.398000000000000	0.817294527838886
-0.397500000000000	0.817721764732774
-0.397000000000000	0.818150797845999
-0.396500000000000	0.818581623004631
-0.396000000000000	0.819014236017166
-0.395500000000000	0.819448632674555
-0.395000000000000	0.819884808750252
-0.394500000000000	0.820322760000248
-0.394000000000000	0.820762482163111
-0.393500000000000	0.821203970960029
-0.393000000000000	0.821647222094845
-0.392500000000000	0.822092231254103
-0.392000000000000	0.822538994107081
-0.391500000000000	0.822987506305838
-0.391000000000000	0.823437763485248
-0.390500000000000	0.823889761263047
-0.390000000000000	0.824343495239872
-0.389500000000000	0.824798960999296
-0.389000000000000	0.825256154107879
-0.388500000000000	0.825715070115202
-0.388000000000000	0.826175704553912
-0.387500000000000	0.826638052939761
-0.387000000000000	0.827102110771651
-0.386500000000000	0.827567873531673
-0.386000000000000	0.828035336685152
-0.385500000000000	0.828504495680686
-0.385000000000000	0.828975345950191
-0.384500000000000	0.829447882908943
-0.384000000000000	0.829922101955621
-0.383500000000000	0.830397998472348
-0.383000000000000	0.830875567824738
-0.382500000000000	0.831354805361934
-0.382000000000000	0.831835706416657
-0.381500000000000	0.832318266305246
-0.381000000000000	0.832802480327702
-0.380500000000000	0.833288343767734
-0.380000000000000	0.833775851892802
-0.379500000000000	0.834264999954159
-0.379000000000000	0.834755783186898
-0.378500000000000	0.835248196809996
-0.378000000000000	0.835742236026360
-0.377500000000000	0.836237896022870
-0.377000000000000	0.836735171970421
-0.376500000000000	0.837234059023977
-0.376000000000000	0.837734552322607
-0.375500000000000	0.838236646989537
-0.375000000000000	0.838740338132191
-0.374500000000000	0.839245620842241
-0.374000000000000	0.839752490195650
-0.373500000000000	0.840260941252718
-0.373000000000000	0.840770969058130
-0.372500000000000	0.841282568641003
-0.372000000000000	0.841795735014930
-0.371500000000000	0.842310463178028
-0.371000000000000	0.842826748112986
-0.370500000000000	0.843344584787108
-0.370000000000000	0.843863968152368
-0.369500000000000	0.844384893145448
-0.369000000000000	0.844907354687791
-0.368500000000000	0.845431347685651
-0.368000000000000	0.845956867030133
-0.367500000000000	0.846483907597247
-0.367000000000000	0.847012464247955
-0.366500000000000	0.847542531828218
-0.366000000000000	0.848074105169046
-0.365500000000000	0.848607179086544
-0.365000000000000	0.849141748381964
-0.364500000000000	0.849677807841752
-0.364000000000000	0.850215352237596
-0.363500000000000	0.850754376326478
-0.363000000000000	0.851294874850720
-0.362500000000000	0.851836842538036
-0.362000000000000	0.852380274101579
-0.361500000000000	0.852925164239996
-0.361000000000000	0.853471507637471
-0.360500000000000	0.854019298963778
-0.360000000000000	0.854568532874334
-0.359500000000000	0.855119204010245
-0.359000000000000	0.855671306998358
-0.358500000000000	0.856224836451311
-0.358000000000000	0.856779786967588
-0.357500000000000	0.857336153131562
-0.357000000000000	0.857893929513554
-0.356500000000000	0.858453110669877
-0.356000000000000	0.859013691142894
-0.355500000000000	0.859575665461065
-0.355000000000000	0.860139028138999
-0.354500000000000	0.860703773677508
-0.354000000000000	0.861269896563657
-0.353500000000000	0.861837391270816
-0.353000000000000	0.862406252258715
-0.352500000000000	0.862976473973489
-0.352000000000000	0.863548050847740
-0.351500000000000	0.864120977300584
-0.351000000000000	0.864695247737703
-0.350500000000000	0.865270856551399
-0.350000000000000	0.865847798120651
-0.349500000000000	0.866426066811161
-0.349000000000000	0.867005656975411
-0.348500000000000	0.867586562952719
-0.348000000000000	0.868168779069287
-0.347500000000000	0.868752299638258
-0.347000000000000	0.869337118959769
-0.346500000000000	0.869923231321005
-0.346000000000000	0.870510630996254
-0.345500000000000	0.871099312246958
-0.345000000000000	0.871689269321773
-0.344500000000000	0.872280496456616
-0.344000000000000	0.872872987874726
-0.343500000000000	0.873466737786716
-0.343000000000000	0.874061740390629
-0.342500000000000	0.874657989871989
-0.342000000000000	0.875255480403863
-0.341500000000000	0.875854206146910
-0.341000000000000	0.876454161249439
-0.340500000000000	0.877055339847464
-0.340000000000000	0.877657736064763
-0.339500000000000	0.878261344012925
-0.339000000000000	0.878866157791417
-0.338500000000000	0.879472171487631
-0.338000000000000	0.880079379176945
-0.337500000000000	0.880687774922776
-0.337000000000000	0.881297352776642
-0.336500000000000	0.881908106778210
-0.336000000000000	0.882520030955362
-0.335500000000000	0.883133119324242
-0.335000000000000	0.883747365889323
-0.334500000000000	0.884362764643455
-0.334000000000000	0.884979309567928
-0.333500000000000	0.885596994632527
-0.333000000000000	0.886215813795588
-0.332500000000000	0.886835761004059
-0.332000000000000	0.887456830193556
-0.331500000000000	0.888079015288419
-0.331000000000000	0.888702310201770
-0.330500000000000	0.889326708835575
-0.330000000000000	0.889952205080697
-0.329500000000000	0.890578792816959
-0.329000000000000	0.891206465913196
-0.328500000000000	0.891835218227319
-0.328000000000000	0.892465043606374
-0.327500000000000	0.893095935886594
-0.327000000000000	0.893727888893464
-0.326500000000000	0.894360896441779
-0.326000000000000	0.894994952335701
-0.325500000000000	0.895630050368819
-0.325000000000000	0.896266184324207
-0.324500000000000	0.896903347974488
-0.324000000000000	0.897541535081886
-0.323500000000000	0.898180739398292
-0.323000000000000	0.898820954665322
-0.322500000000000	0.899462174614375
-0.322000000000000	0.900104392966692
-0.321500000000000	0.900747603433422
-0.321000000000000	0.901391799715675
-0.320500000000000	0.902036975504586
-0.320000000000000	0.902683124481376
-0.319500000000000	0.903330240317409
-0.319000000000000	0.903978316674255
-0.318500000000000	0.904627347203753
-0.318000000000000	0.905277325548065
-0.317500000000000	0.905928245339743
-0.317000000000000	0.906580100201788
-0.316500000000000	0.907232883747710
-0.316000000000000	0.907886589581591
-0.315500000000000	0.908541211298144
-0.315000000000000	0.909196742482778
-0.314500000000000	0.909853176711655
-0.314000000000000	0.910510507551755
-0.313500000000000	0.911168728560936
-0.313000000000000	0.911827833287996
-0.312500000000000	0.912487815272736
-0.312000000000000	0.913148668046020
-0.311500000000000	0.913810385129841
-0.311000000000000	0.914472960037376
-0.310500000000000	0.915136386273057
-0.310000000000000	0.915800657332626
-0.309500000000000	0.916465766703202
-0.309000000000000	0.917131707863342
-0.308500000000000	0.917798474283104
-0.308000000000000	0.918466059424110
-0.307500000000000	0.919134456739606
-0.307000000000000	0.919803659674530
-0.306500000000000	0.920473661665572
-0.306000000000000	0.921144456141236
-0.305500000000000	0.921816036521907
-0.305000000000000	0.922488396219911
-0.304500000000000	0.923161528639579
-0.304000000000000	0.923835427177312
-0.303500000000000	0.924510085221644
-0.303000000000000	0.925185496153303
-0.302500000000000	0.925861653345280
-0.302000000000000	0.926538550162889
-0.301500000000000	0.927216179963831
-0.301000000000000	0.927894536098260
-0.300500000000000	0.928573611908847
-0.300000000000000	0.929253400730840
-0.299500000000000	0.929933895892135
-0.299000000000000	0.930615090713335
-0.298500000000000	0.931296978507818
-0.298000000000000	0.931979552581799
-0.297500000000000	0.932662806234396
-0.297000000000000	0.933346732757695
-0.296500000000000	0.934031325436811
-0.296000000000000	0.934716577549962
-0.295500000000000	0.935402482368522
-0.295000000000000	0.936089033157096
-0.294500000000000	0.936776223173579
-0.294000000000000	0.937464045669225
-0.293500000000000	0.938152493888710
-0.293000000000000	0.938841561070197
-0.292500000000000	0.939531240445404
-0.292000000000000	0.940221525239669
-0.291500000000000	0.940912408672011
-0.291000000000000	0.941603883955202
-0.290500000000000	0.942295944295831
-0.290000000000000	0.942988582894365
-0.289500000000000	0.943681792945223
-0.289000000000000	0.944375567636834
-0.288500000000000	0.945069900151708
-0.288000000000000	0.945764783666504
-0.287500000000000	0.946460211352087
-0.287000000000000	0.947156176373605
-0.286500000000000	0.947852671890549
-0.286000000000000	0.948549691056821
-0.285500000000000	0.949247227020801
-0.285000000000000	0.949945272925411
-0.284500000000000	0.950643821908186
-0.284000000000000	0.951342867101338
-0.283500000000000	0.952042401631821
-0.283000000000000	0.952742418621401
-0.282500000000000	0.953442911186722
-0.282000000000000	0.954143872439372
-0.281500000000000	0.954845295485952
-0.281000000000000	0.955547173428138
-0.280500000000000	0.956249499362756
-0.280000000000000	0.956952266381842
-0.279500000000000	0.957655467572713
-0.279000000000000	0.958359096018034
-0.278500000000000	0.959063144795884
-0.278000000000000	0.959767606979825
-0.277500000000000	0.960472475638968
-0.277000000000000	0.961177743838042
-0.276500000000000	0.961883404637460
-0.276000000000000	0.962589451093387
-0.275500000000000	0.963295876257811
-0.275000000000000	0.964002673178605
-0.274500000000000	0.964709834899599
-0.274000000000000	0.965417354460648
-0.273500000000000	0.966125224897696
-0.273000000000000	0.966833439242848
-0.272500000000000	0.967541990524437
-0.272000000000000	0.968250871767091
-0.271500000000000	0.968960075991803
-0.271000000000000	0.969669596215997
-0.270500000000000	0.970379425453597
-0.270000000000000	0.971089556715098
-0.269500000000000	0.971799983007629
-0.269000000000000	0.972510697335025
-0.268500000000000	0.973221692697898
-0.268000000000000	0.973932962093697
-0.267500000000000	0.974644498516787
-0.267000000000000	0.975356294958508
-0.266500000000000	0.976068344407251
-0.266000000000000	0.976780639848522
-0.265500000000000	0.977493174265015
-0.265000000000000	0.978205940636674
-0.264500000000000	0.978918931940769
-0.264000000000000	0.979632141151962
-0.263500000000000	0.980345561242374
-0.263000000000000	0.981059185181656
-0.262500000000000	0.981773005937057
-0.262000000000000	0.982487016473496
-0.261500000000000	0.983201209753627
-0.261000000000000	0.983915578737908
-0.260500000000000	0.984630116384674
-0.260000000000000	0.985344815650205
-0.259500000000000	0.986059669488790
-0.259000000000000	0.986774670852804
-0.258500000000000	0.987489812692771
-0.258000000000000	0.988205087957439
-0.257500000000000	0.988920489593844
-0.257000000000000	0.989636010547381
-0.256500000000000	0.990351643761875
-0.256000000000000	0.991067382179649
-0.255500000000000	0.991783218741595
-0.255000000000000	0.992499146387239
-0.254500000000000	0.993215158054818
-0.254000000000000	0.993931246681343
-0.253500000000000	0.994647405202670
-0.253000000000000	0.995363626553572
-0.252500000000000	0.996079903667807
-0.252000000000000	0.996796229478186
-0.251500000000000	0.997512596916647
-0.251000000000000	0.998228998914320
-0.250500000000000	0.998945428401599
-0.250000000000000	0.999661878308213
-0.249500000000000	1.00037834156329
-0.249000000000000	1.00109481109544
-0.248500000000000	1.00181127983281
-0.248000000000000	1.00252774070315
-0.247500000000000	1.00324418663391
-0.247000000000000	1.00396061055228
-0.246500000000000	1.00467700538528
-0.246000000000000	1.00539336405982
-0.245500000000000	1.00610967950277
-0.245000000000000	1.00682594464103
-0.244500000000000	1.00754215240161
-0.244000000000000	1.00825829571168
-0.243500000000000	1.00897436749866
-0.243000000000000	1.00969036069028
-0.242500000000000	1.01040626821465
-0.242000000000000	1.01112208300035
-0.241500000000000	1.01183779797644
-0.241000000000000	1.01255340607261
-0.240500000000000	1.01326890021920
-0.240000000000000	1.01398427334728
-0.239500000000000	1.01469951838873
-0.239000000000000	1.01541462827628
-0.238500000000000	1.01612959594363
-0.238000000000000	1.01684441432547
-0.237500000000000	1.01755907635758
-0.237000000000000	1.01827357497691
-0.236500000000000	1.01898790312160
-0.236000000000000	1.01970205373111
-0.235500000000000	1.02041601974624
-0.235000000000000	1.02112979410925
-0.234500000000000	1.02184336976388
-0.234000000000000	1.02255673965544
-0.233500000000000	1.02326989673091
-0.233000000000000	1.02398283393895
-0.232500000000000	1.02469554423003
-0.232000000000000	1.02540802055647
-0.231500000000000	1.02612025587248
-0.231000000000000	1.02683224313432
-0.230500000000000	1.02754397530027
-0.230000000000000	1.02825544533075
-0.229500000000000	1.02896664618840
-0.229000000000000	1.02967757083812
-0.228500000000000	1.03038821224716
-0.228000000000000	1.03109856338518
-0.227500000000000	1.03180861722434
-0.227000000000000	1.03251836673932
-0.226500000000000	1.03322780490745
-0.226000000000000	1.03393692470876
-0.225500000000000	1.03464571912602
-0.225000000000000	1.03535418114484
-0.224500000000000	1.03606230375376
-0.224000000000000	1.03677007994427
-0.223500000000000	1.03747750271089
-0.223000000000000	1.03818456505129
-0.222500000000000	1.03889125996629
-0.222000000000000	1.03959758046000
-0.221500000000000	1.04030351953981
-0.221000000000000	1.04100907021655
-0.220500000000000	1.04171422550447
-0.220000000000000	1.04241897842137
-0.219500000000000	1.04312332198867
-0.219000000000000	1.04382724923144
-0.218500000000000	1.04453075317851
-0.218000000000000	1.04523382686249
-0.217500000000000	1.04593646331991
-0.217000000000000	1.04663865559124
-0.216500000000000	1.04734039672095
-0.216000000000000	1.04804167975763
-0.215500000000000	1.04874249775402
-0.215000000000000	1.04944284376708
-0.214500000000000	1.05014271085808
-0.214000000000000	1.05084209209265
-0.213500000000000	1.05154098054088
-0.213000000000000	1.05223936927735
-0.212500000000000	1.05293725138121
-0.212000000000000	1.05363461993627
-0.211500000000000	1.05433146803107
-0.211000000000000	1.05502778875890
-0.210500000000000	1.05572357521794
-0.210000000000000	1.05641882051127
-0.209500000000000	1.05711351774698
-0.209000000000000	1.05780766003821
-0.208500000000000	1.05850124050323
-0.208000000000000	1.05919425226554
-0.207500000000000	1.05988668845387
-0.207000000000000	1.06057854220231
-0.206500000000000	1.06126980665037
-0.206000000000000	1.06196047494300
-0.205500000000000	1.06265054023074
-0.205000000000000	1.06333999566972
-0.204500000000000	1.06402883442174
-0.204000000000000	1.06471704965440
-0.203500000000000	1.06540463454107
-0.203000000000000	1.06609158226105
-0.202500000000000	1.06677788599957
-0.202000000000000	1.06746353894790
-0.201500000000000	1.06814853430340
-0.201000000000000	1.06883286526961
-0.200500000000000	1.06951652505630
-0.200000000000000	1.07019950687951
-0.199500000000000	1.07088180396170
-0.199000000000000	1.07156340953173
-0.198500000000000	1.07224431682498
-0.198000000000000	1.07292451908340
-0.197500000000000	1.07360400955560
-0.197000000000000	1.07428278149688
-0.196500000000000	1.07496082816933
-0.196000000000000	1.07563814284189
-0.195500000000000	1.07631471879040
-0.195000000000000	1.07699054929770
-0.194500000000000	1.07766562765368
-0.194000000000000	1.07833994715533
-0.193500000000000	1.07901350110686
-0.193000000000000	1.07968628281969
-0.192500000000000	1.08035828561261
-0.192000000000000	1.08102950281176
-0.191500000000000	1.08169992775076
-0.191000000000000	1.08236955377074
-0.190500000000000	1.08303837422044
-0.190000000000000	1.08370638245625
-0.189500000000000	1.08437357184227
-0.189000000000000	1.08503993575041
-0.188500000000000	1.08570546756045
-0.188000000000000	1.08637016066009
-0.187500000000000	1.08703400844500
-0.187000000000000	1.08769700431896
-0.186500000000000	1.08835914169383
-0.186000000000000	1.08902041398969
-0.185500000000000	1.08968081463489
-0.185000000000000	1.09034033706609
-0.184500000000000	1.09099897472835
-0.184000000000000	1.09165672107520
-0.183500000000000	1.09231356956870
-0.183000000000000	1.09296951367948
-0.182500000000000	1.09362454688685
-0.182000000000000	1.09427866267886
-0.181500000000000	1.09493185455232
-0.181000000000000	1.09558411601293
-0.180500000000000	1.09623544057530
-0.180000000000000	1.09688582176302
-0.179500000000000	1.09753525310877
-0.179000000000000	1.09818372815432
-0.178500000000000	1.09883124045065
-0.178000000000000	1.09947778355797
-0.177500000000000	1.10012335104584
-0.177000000000000	1.10076793649318
-0.176500000000000	1.10141153348838
-0.176000000000000	1.10205413562931
-0.175500000000000	1.10269573652347
-0.175000000000000	1.10333632978796
-0.174500000000000	1.10397590904963
-0.174000000000000	1.10461446794507
-0.173500000000000	1.10525200012074
-0.173000000000000	1.10588849923298
-0.172500000000000	1.10652395894811
-0.172000000000000	1.10715837294250
-0.171500000000000	1.10779173490259
-0.171000000000000	1.10842403852500
-0.170500000000000	1.10905527751658
-0.170000000000000	1.10968544559445
-0.169500000000000	1.11031453648612
-0.169000000000000	1.11094254392949
-0.168500000000000	1.11156946167296
-0.168000000000000	1.11219528347547
-0.167500000000000	1.11282000310657
-0.167000000000000	1.11344361434649
-0.166500000000000	1.11406611098619
-0.166000000000000	1.11468748682744
-0.165500000000000	1.11530773568287
-0.165000000000000	1.11592685137605
-0.164500000000000	1.11654482774152
-0.164000000000000	1.11716165862489
-0.163500000000000	1.11777733788287
-0.163000000000000	1.11839185938339
-0.162500000000000	1.11900521700557
-0.162000000000000	1.11961740463987
-0.161500000000000	1.12022841618810
-0.161000000000000	1.12083824556353
-0.160500000000000	1.12144688669088
-0.160000000000000	1.12205433350645
-0.159500000000000	1.12266057995816
-0.159000000000000	1.12326562000560
-0.158500000000000	1.12386944762009
-0.158000000000000	1.12447205678478
-0.157500000000000	1.12507344149467
-0.157000000000000	1.12567359575666
-0.156500000000000	1.12627251358969
-0.156000000000000	1.12687018902470
-0.155500000000000	1.12746661610477
-0.155000000000000	1.12806178888514
-0.154500000000000	1.12865570143327
-0.154000000000000	1.12924834782894
-0.153500000000000	1.12983972216425
-0.153000000000000	1.13042981854374
-0.152500000000000	1.13101863108441
-0.152000000000000	1.13160615391580
-0.151500000000000	1.13219238118005
-0.151000000000000	1.13277730703195
-0.150500000000000	1.13336092563900
-0.150000000000000	1.13394323118149
-0.149500000000000	1.13452421785252
-0.149000000000000	1.13510387985811
-0.148500000000000	1.13568221141721
-0.148000000000000	1.13625920676182
-0.147500000000000	1.13683486013697
-0.147000000000000	1.13740916580085
-0.146500000000000	1.13798211802484
-0.146000000000000	1.13855371109355
-0.145500000000000	1.13912393930492
-0.145000000000000	1.13969279697024
-0.144500000000000	1.14026027841425
-0.144000000000000	1.14082637797514
-0.143500000000000	1.14139109000468
-0.143000000000000	1.14195440886822
-0.142500000000000	1.14251632894477
-0.142000000000000	1.14307684462705
-0.141500000000000	1.14363595032158
-0.141000000000000	1.14419364044868
-0.140500000000000	1.14474990944259
-0.140000000000000	1.14530475175147
-0.139500000000000	1.14585816183750
-0.139000000000000	1.14641013417692
-0.138500000000000	1.14696066326009
-0.138000000000000	1.14750974359153
-0.137500000000000	1.14805736969001
-0.137000000000000	1.14860353608859
-0.136500000000000	1.14914823733465
-0.136000000000000	1.14969146799000
-0.135500000000000	1.15023322263089
-0.135000000000000	1.15077349584809
-0.134500000000000	1.15131228224694
-0.134000000000000	1.15184957644739
-0.133500000000000	1.15238537308409
-0.133000000000000	1.15291966680641
-0.132500000000000	1.15345245227853
-0.132000000000000	1.15398372417946
-0.131500000000000	1.15451347720311
-0.131000000000000	1.15504170605836
-0.130500000000000	1.15556840546909
-0.130000000000000	1.15609357017425
-0.129500000000000	1.15661719492790
-0.129000000000000	1.15713927449928
-0.128500000000000	1.15765980367287
-0.128000000000000	1.15817877724841
-0.127500000000000	1.15869619004099
-0.127000000000000	1.15921203688109
-0.126500000000000	1.15972631261463
-0.126000000000000	1.16023901210302
-0.125500000000000	1.16075013022322
-0.125000000000000	1.16125966186781
-0.124500000000000	1.16176760194499
-0.124000000000000	1.16227394537872
-0.123500000000000	1.16277868710867
-0.123000000000000	1.16328182209035
-0.122500000000000	1.16378334529513
-0.122000000000000	1.16428325171029
-0.121500000000000	1.16478153633910
-0.121000000000000	1.16527819420083
-0.120500000000000	1.16577322033083
-0.120000000000000	1.16626660978058
-0.119500000000000	1.16675835761772
-0.119000000000000	1.16724845892614
-0.118500000000000	1.16773690880599
-0.118000000000000	1.16822370237375
-0.117500000000000	1.16870883476228
-0.117000000000000	1.16919230112089
-0.116500000000000	1.16967409661534
-0.116000000000000	1.17015421642794
-0.115500000000000	1.17063265575757
-0.115000000000000	1.17110940981975
-0.114500000000000	1.17158447384666
-0.114000000000000	1.17205784308724
-0.113500000000000	1.17252951280719
-0.113000000000000	1.17299947828903
-0.112500000000000	1.17346773483218
-0.112000000000000	1.17393427775297
-0.111500000000000	1.17439910238471
-0.111000000000000	1.17486220407772
-0.110500000000000	1.17532357819942
-0.110000000000000	1.17578322013432
-0.109500000000000	1.17624112528411
-0.109000000000000	1.17669728906771
-0.108500000000000	1.17715170692127
-0.108000000000000	1.17760437429827
-0.107500000000000	1.17805528666956
-0.107000000000000	1.17850443952337
-0.106500000000000	1.17895182836541
-0.106000000000000	1.17939744871885
-0.105500000000000	1.17984129612444
-0.105000000000000	1.18028336614050
-0.104500000000000	1.18072365434302
-0.104000000000000	1.18116215632562
-0.103500000000000	1.18159886769971
-0.103000000000000	1.18203378409443
-0.102500000000000	1.18246690115676
-0.102000000000000	1.18289821455155
-0.101500000000000	1.18332771996155
-0.101000000000000	1.18375541308748
-0.100500000000000	1.18418128964805
-0.0999999999999996	1.18460534538003
-0.0994999999999996	1.18502757603826
-0.0989999999999996	1.18544797739572
-0.0984999999999996	1.18586654524360
-0.0979999999999996	1.18628327539127
-0.0974999999999996	1.18669816366638
-0.0969999999999996	1.18711120591491
-0.0964999999999996	1.18752239800117
-0.0959999999999996	1.18793173580787
-0.0954999999999996	1.18833921523618
-0.0949999999999996	1.18874483220571
-0.0944999999999996	1.18914858265465
-0.0939999999999996	1.18955046253972
-0.0934999999999996	1.18995046783624
-0.0929999999999996	1.19034859453822
-0.0924999999999996	1.19074483865834
-0.0919999999999996	1.19113919622802
-0.0914999999999996	1.19153166329744
-0.0909999999999996	1.19192223593562
-0.0904999999999996	1.19231091023044
-0.0899999999999996	1.19269768228866
-0.0894999999999996	1.19308254823599
-0.0889999999999996	1.19346550421713
-0.0884999999999996	1.19384654639578
-0.0879999999999996	1.19422567095473
-0.0874999999999996	1.19460287409585
-0.0869999999999996	1.19497815204015
-0.0864999999999996	1.19535150102783
-0.0859999999999996	1.19572291731831
-0.0854999999999996	1.19609239719026
-0.0849999999999996	1.19645993694165
-0.0844999999999996	1.19682553288980
-0.0839999999999996	1.19718918137138
-0.0834999999999996	1.19755087874249
-0.0829999999999996	1.19791062137869
-0.0824999999999996	1.19826840567500
-0.0819999999999996	1.19862422804600
-0.0814999999999996	1.19897808492582
-0.0809999999999996	1.19932997276818
-0.0804999999999996	1.19967988804646
-0.0799999999999996	1.20002782725370
-0.0794999999999996	1.20037378690267
-0.0789999999999996	1.20071776352586
-0.0784999999999996	1.20105975367558
-0.0779999999999996	1.20139975392394
-0.0774999999999996	1.20173776086292
-0.0769999999999996	1.20207377110437
-0.0764999999999996	1.20240778128010
-0.0759999999999996	1.20273978804187
-0.0754999999999996	1.20306978806143
-0.0749999999999996	1.20339777803057
-0.0744999999999996	1.20372375466116
-0.0739999999999996	1.20404771468517
-0.0734999999999996	1.20436965485468
-0.0729999999999996	1.20468957194198
-0.0724999999999996	1.20500746273955
-0.0719999999999996	1.20532332406010
-0.0714999999999996	1.20563715273661
-0.0709999999999996	1.20594894562240
-0.0704999999999996	1.20625869959109
-0.0699999999999996	1.20656641153668
-0.0694999999999996	1.20687207837359
-0.0689999999999996	1.20717569703666
-0.0684999999999996	1.20747726448121
-0.0679999999999996	1.20777677768304
-0.0674999999999996	1.20807423363851
-0.0669999999999996	1.20836962936453
-0.0664999999999996	1.20866296189860
-0.0659999999999996	1.20895422829886
-0.0654999999999996	1.20924342564409
-0.0649999999999996	1.20953055103377
-0.0644999999999996	1.20981560158809
-0.0639999999999996	1.21009857444800
-0.0634999999999996	1.21037946677521
-0.0629999999999996	1.21065827575226
-0.0624999999999996	1.21093499858252
-0.0619999999999996	1.21120963249021
-0.0614999999999996	1.21148217472047
-0.0609999999999996	1.21175262253936
-0.0604999999999996	1.21202097323388
-0.0599999999999996	1.21228722411202
-0.0594999999999996	1.21255137250280
-0.0589999999999996	1.21281341575625
-0.0584999999999996	1.21307335124347
-0.0579999999999996	1.21333117635668
-0.0574999999999996	1.21358688850920
-0.0569999999999996	1.21384048513549
-0.0564999999999996	1.21409196369122
-0.0559999999999996	1.21434132165323
-0.0554999999999996	1.21458855651960
-0.0549999999999996	1.21483366580967
-0.0544999999999996	1.21507664706406
-0.0539999999999996	1.21531749784469
-0.0534999999999996	1.21555621573482
-0.0529999999999996	1.21579279833908
-0.0524999999999996	1.21602724328345
-0.0519999999999996	1.21625954821535
-0.0514999999999996	1.21648971080362
-0.0509999999999996	1.21671772873856
-0.0504999999999996	1.21694359973196
-0.0499999999999996	1.21716732151711
-0.0494999999999996	1.21738889184881
-0.0489999999999996	1.21760830850345
-0.0484999999999996	1.21782556927898
-0.0479999999999996	1.21804067199495
-0.0474999999999996	1.21825361449253
-0.0469999999999996	1.21846439463453
-0.0464999999999996	1.21867301030546
-0.0459999999999996	1.21887945941148
-0.0454999999999996	1.21908373988049
-0.0449999999999996	1.21928584966212
-0.0444999999999996	1.21948578672774
-0.0439999999999996	1.21968354907052
-0.0434999999999996	1.21987913470542
-0.0429999999999996	1.22007254166922
-0.0424999999999996	1.22026376802053
-0.0419999999999996	1.22045281183983
-0.0414999999999996	1.22063967122949
-0.0409999999999996	1.22082434431376
-0.0404999999999996	1.22100682923884
-0.0399999999999996	1.22118712417283
-0.0394999999999996	1.22136522730582
-0.0389999999999996	1.22154113684987
-0.0384999999999996	1.22171485103904
-0.0379999999999996	1.22188636812941
-0.0374999999999996	1.22205568639907
-0.0369999999999996	1.22222280414820
-0.0364999999999996	1.22238771969902
-0.0359999999999996	1.22255043139585
-0.0354999999999996	1.22271093760512
-0.0349999999999996	1.22286923671537
-0.0344999999999996	1.22302532713729
-0.0339999999999996	1.22317920730373
-0.0334999999999996	1.22333087566970
-0.0329999999999996	1.22348033071240
-0.0324999999999996	1.22362757093126
-0.0319999999999996	1.22377259484789
-0.0314999999999996	1.22391540100618
-0.0309999999999996	1.22405598797224
-0.0304999999999996	1.22419435433446
-0.0299999999999996	1.22433049870351
-0.0294999999999996	1.22446441971237
-0.0289999999999996	1.22459611601630
-0.0284999999999996	1.22472558629291
-0.0279999999999996	1.22485282924215
-0.0274999999999996	1.22497784358632
-0.0269999999999996	1.22510062807007
-0.0264999999999996	1.22522118146044
-0.0259999999999996	1.22533950254689
-0.0254999999999996	1.22545559014123
-0.0249999999999996	1.22556944307774
-0.0244999999999996	1.22568106021311
-0.0239999999999996	1.22579044042646
-0.0234999999999996	1.22589758261938
-0.0229999999999996	1.22600248571592
-0.0224999999999996	1.22610514866262
-0.0219999999999996	1.22620557042848
-0.0214999999999996	1.22630375000503
-0.0209999999999996	1.22639968640629
-0.0204999999999996	1.22649337866881
-0.0199999999999996	1.22658482585166
-0.0194999999999996	1.22667402703646
-0.0189999999999996	1.22676098132737
-0.0184999999999996	1.22684568785113
-0.0179999999999996	1.22692814575703
-0.0174999999999996	1.22700835421694
-0.0169999999999996	1.22708631242531
-0.0164999999999996	1.22716201959921
-0.0159999999999996	1.22723547497829
-0.0154999999999996	1.22730667782481
-0.0149999999999996	1.22737562742367
-0.0144999999999996	1.22744232308237
-0.0139999999999996	1.22750676413106
-0.0134999999999996	1.22756894992254
-0.0129999999999996	1.22762887983223
-0.0124999999999996	1.22768655325822
-0.0119999999999996	1.22774196962127
-0.0114999999999996	1.22779512836480
-0.0109999999999996	1.22784602895488
-0.0104999999999996	1.22789467088029
-0.00999999999999957	1.22794105365248
-0.00949999999999956	1.22798517680560
-0.00899999999999956	1.22802703989646
-0.00849999999999956	1.22806664250461
-0.00799999999999956	1.22810398423229
-0.00749999999999956	1.22813906470442
-0.00699999999999956	1.22817188356867
-0.00649999999999956	1.22820244049540
-0.00599999999999956	1.22823073517770
-0.00549999999999956	1.22825676733138
-0.00499999999999956	1.22828053669496
-0.00449999999999956	1.22830204302971
-0.00399999999999956	1.22832128611961
-0.00349999999999956	1.22833826577139
-0.00299999999999956	1.22835298181449
-0.00249999999999956	1.22836543410111
-0.00199999999999956	1.22837562250618
-0.00149999999999956	1.22838354692735
-0.000999999999999559	1.22838920728505
-0.000499999999999559	1.22839260352241
4.40619762898109e-16	1.22839373560532
0.000500000000000441	1.22839260352241
0.00100000000000044	1.22838920728505
0.00150000000000044	1.22838354692735
0.00200000000000044	1.22837562250618
0.00250000000000044	1.22836543410111
0.00300000000000044	1.22835298181449
0.00350000000000044	1.22833826577139
0.00400000000000044	1.22832128611961
0.00450000000000044	1.22830204302971
0.00500000000000044	1.22828053669496
0.00550000000000044	1.22825676733138
0.00600000000000044	1.22823073517770
0.00650000000000044	1.22820244049540
0.00700000000000044	1.22817188356867
0.00750000000000044	1.22813906470442
0.00800000000000044	1.22810398423229
0.00850000000000045	1.22806664250461
0.00900000000000045	1.22802703989646
0.00950000000000045	1.22798517680560
0.0100000000000004	1.22794105365248
0.0105000000000004	1.22789467088029
0.0110000000000004	1.22784602895488
0.0115000000000004	1.22779512836480
0.0120000000000004	1.22774196962127
0.0125000000000004	1.22768655325822
0.0130000000000004	1.22762887983223
0.0135000000000005	1.22756894992254
0.0140000000000005	1.22750676413106
0.0145000000000005	1.22744232308237
0.0150000000000005	1.22737562742367
0.0155000000000005	1.22730667782481
0.0160000000000005	1.22723547497829
0.0165000000000005	1.22716201959921
0.0170000000000005	1.22708631242531
0.0175000000000005	1.22700835421694
0.0180000000000005	1.22692814575703
0.0185000000000005	1.22684568785113
0.0190000000000005	1.22676098132737
0.0195000000000005	1.22667402703646
0.0200000000000005	1.22658482585166
0.0205000000000005	1.22649337866881
0.0210000000000005	1.22639968640629
0.0215000000000005	1.22630375000503
0.0220000000000005	1.22620557042848
0.0225000000000005	1.22610514866262
0.0230000000000005	1.22600248571592
0.0235000000000005	1.22589758261938
0.0240000000000005	1.22579044042646
0.0245000000000005	1.22568106021311
0.0250000000000005	1.22556944307774
0.0255000000000005	1.22545559014123
0.0260000000000005	1.22533950254689
0.0265000000000005	1.22522118146044
0.0270000000000005	1.22510062807007
0.0275000000000005	1.22497784358632
0.0280000000000005	1.22485282924215
0.0285000000000005	1.22472558629291
0.0290000000000005	1.22459611601630
0.0295000000000005	1.22446441971236
0.0300000000000005	1.22433049870351
0.0305000000000005	1.22419435433446
0.0310000000000005	1.22405598797224
0.0315000000000005	1.22391540100618
0.0320000000000005	1.22377259484789
0.0325000000000005	1.22362757093126
0.0330000000000005	1.22348033071240
0.0335000000000005	1.22333087566970
0.0340000000000005	1.22317920730373
0.0345000000000005	1.22302532713729
0.0350000000000005	1.22286923671537
0.0355000000000005	1.22271093760512
0.0360000000000005	1.22255043139585
0.0365000000000005	1.22238771969902
0.0370000000000005	1.22222280414820
0.0375000000000005	1.22205568639907
0.0380000000000005	1.22188636812941
0.0385000000000005	1.22171485103904
0.0390000000000005	1.22154113684987
0.0395000000000005	1.22136522730582
0.0400000000000005	1.22118712417283
0.0405000000000005	1.22100682923883
0.0410000000000005	1.22082434431376
0.0415000000000005	1.22063967122949
0.0420000000000005	1.22045281183983
0.0425000000000005	1.22026376802053
0.0430000000000005	1.22007254166922
0.0435000000000005	1.21987913470542
0.0440000000000005	1.21968354907052
0.0445000000000005	1.21948578672774
0.0450000000000005	1.21928584966212
0.0455000000000005	1.21908373988049
0.0460000000000005	1.21887945941148
0.0465000000000005	1.21867301030546
0.0470000000000005	1.21846439463453
0.0475000000000005	1.21825361449252
0.0480000000000005	1.21804067199495
0.0485000000000005	1.21782556927898
0.0490000000000005	1.21760830850345
0.0495000000000005	1.21738889184881
0.0500000000000005	1.21716732151711
0.0505000000000005	1.21694359973196
0.0510000000000005	1.21671772873856
0.0515000000000005	1.21648971080362
0.0520000000000005	1.21625954821535
0.0525000000000005	1.21602724328345
0.0530000000000005	1.21579279833908
0.0535000000000005	1.21555621573482
0.0540000000000005	1.21531749784469
0.0545000000000005	1.21507664706406
0.0550000000000005	1.21483366580967
0.0555000000000005	1.21458855651960
0.0560000000000005	1.21434132165323
0.0565000000000005	1.21409196369122
0.0570000000000005	1.21384048513549
0.0575000000000005	1.21358688850920
0.0580000000000005	1.21333117635668
0.0585000000000005	1.21307335124347
0.0590000000000005	1.21281341575625
0.0595000000000005	1.21255137250280
0.0600000000000005	1.21228722411202
0.0605000000000005	1.21202097323388
0.0610000000000005	1.21175262253936
0.0615000000000005	1.21148217472047
0.0620000000000005	1.21120963249021
0.0625000000000005	1.21093499858252
0.0630000000000005	1.21065827575226
0.0635000000000005	1.21037946677521
0.0640000000000005	1.21009857444799
0.0645000000000005	1.20981560158809
0.0650000000000005	1.20953055103377
0.0655000000000005	1.20924342564409
0.0660000000000005	1.20895422829886
0.0665000000000005	1.20866296189860
0.0670000000000005	1.20836962936453
0.0675000000000005	1.20807423363851
0.0680000000000005	1.20777677768304
0.0685000000000005	1.20747726448120
0.0690000000000005	1.20717569703666
0.0695000000000005	1.20687207837359
0.0700000000000005	1.20656641153668
0.0705000000000005	1.20625869959109
0.0710000000000005	1.20594894562240
0.0715000000000005	1.20563715273661
0.0720000000000005	1.20532332406009
0.0725000000000005	1.20500746273955
0.0730000000000005	1.20468957194198
0.0735000000000005	1.20436965485468
0.0740000000000005	1.20404771468516
0.0745000000000005	1.20372375466116
0.0750000000000005	1.20339777803057
0.0755000000000005	1.20306978806143
0.0760000000000005	1.20273978804187
0.0765000000000005	1.20240778128010
0.0770000000000005	1.20207377110437
0.0775000000000005	1.20173776086292
0.0780000000000005	1.20139975392394
0.0785000000000005	1.20105975367558
0.0790000000000005	1.20071776352586
0.0795000000000005	1.20037378690266
0.0800000000000005	1.20002782725370
0.0805000000000005	1.19967988804646
0.0810000000000005	1.19932997276818
0.0815000000000005	1.19897808492582
0.0820000000000005	1.19862422804600
0.0825000000000005	1.19826840567500
0.0830000000000005	1.19791062137869
0.0835000000000005	1.19755087874249
0.0840000000000005	1.19718918137138
0.0845000000000005	1.19682553288979
0.0850000000000005	1.19645993694165
0.0855000000000005	1.19609239719026
0.0860000000000005	1.19572291731831
0.0865000000000005	1.19535150102783
0.0870000000000005	1.19497815204015
0.0875000000000005	1.19460287409585
0.0880000000000005	1.19422567095473
0.0885000000000005	1.19384654639578
0.0890000000000005	1.19346550421713
0.0895000000000005	1.19308254823599
0.0900000000000005	1.19269768228865
0.0905000000000005	1.19231091023044
0.0910000000000005	1.19192223593562
0.0915000000000005	1.19153166329744
0.0920000000000005	1.19113919622801
0.0925000000000005	1.19074483865834
0.0930000000000005	1.19034859453822
0.0935000000000005	1.18995046783624
0.0940000000000005	1.18955046253971
0.0945000000000005	1.18914858265465
0.0950000000000005	1.18874483220571
0.0955000000000005	1.18833921523617
0.0960000000000005	1.18793173580787
0.0965000000000005	1.18752239800117
0.0970000000000005	1.18711120591491
0.0975000000000005	1.18669816366638
0.0980000000000005	1.18628327539126
0.0985000000000005	1.18586654524360
0.0990000000000005	1.18544797739572
0.0995000000000005	1.18502757603826
0.100000000000001	1.18460534538003
0.100500000000001	1.18418128964805
0.101000000000001	1.18375541308748
0.101500000000001	1.18332771996155
0.102000000000001	1.18289821455155
0.102500000000001	1.18246690115676
0.103000000000001	1.18203378409443
0.103500000000001	1.18159886769971
0.104000000000001	1.18116215632562
0.104500000000001	1.18072365434301
0.105000000000001	1.18028336614050
0.105500000000001	1.17984129612444
0.106000000000001	1.17939744871885
0.106500000000001	1.17895182836540
0.107000000000001	1.17850443952337
0.107500000000001	1.17805528666956
0.108000000000001	1.17760437429827
0.108500000000001	1.17715170692127
0.109000000000001	1.17669728906771
0.109500000000001	1.17624112528411
0.110000000000001	1.17578322013432
0.110500000000001	1.17532357819942
0.111000000000001	1.17486220407772
0.111500000000001	1.17439910238471
0.112000000000001	1.17393427775297
0.112500000000001	1.17346773483218
0.113000000000001	1.17299947828903
0.113500000000001	1.17252951280719
0.114000000000001	1.17205784308724
0.114500000000001	1.17158447384666
0.115000000000001	1.17110940981975
0.115500000000001	1.17063265575757
0.116000000000001	1.17015421642794
0.116500000000001	1.16967409661534
0.117000000000001	1.16919230112089
0.117500000000001	1.16870883476228
0.118000000000001	1.16822370237375
0.118500000000001	1.16773690880599
0.119000000000001	1.16724845892614
0.119500000000001	1.16675835761772
0.120000000000001	1.16626660978058
0.120500000000001	1.16577322033083
0.121000000000001	1.16527819420083
0.121500000000001	1.16478153633910
0.122000000000001	1.16428325171029
0.122500000000001	1.16378334529513
0.123000000000001	1.16328182209035
0.123500000000001	1.16277868710867
0.124000000000001	1.16227394537872
0.124500000000001	1.16176760194499
0.125000000000001	1.16125966186780
0.125500000000001	1.16075013022322
0.126000000000001	1.16023901210302
0.126500000000001	1.15972631261463
0.127000000000001	1.15921203688109
0.127500000000001	1.15869619004099
0.128000000000001	1.15817877724841
0.128500000000001	1.15765980367287
0.129000000000001	1.15713927449928
0.129500000000001	1.15661719492790
0.130000000000001	1.15609357017425
0.130500000000001	1.15556840546909
0.131000000000001	1.15504170605836
0.131500000000001	1.15451347720311
0.132000000000001	1.15398372417946
0.132500000000001	1.15345245227853
0.133000000000001	1.15291966680641
0.133500000000001	1.15238537308408
0.134000000000001	1.15184957644739
0.134500000000001	1.15131228224694
0.135000000000001	1.15077349584809
0.135500000000001	1.15023322263089
0.136000000000001	1.14969146799000
0.136500000000001	1.14914823733465
0.137000000000001	1.14860353608859
0.137500000000001	1.14805736969001
0.138000000000001	1.14750974359153
0.138500000000001	1.14696066326009
0.139000000000001	1.14641013417692
0.139500000000001	1.14585816183750
0.140000000000001	1.14530475175147
0.140500000000001	1.14474990944259
0.141000000000001	1.14419364044868
0.141500000000001	1.14363595032158
0.142000000000001	1.14307684462705
0.142500000000001	1.14251632894477
0.143000000000001	1.14195440886822
0.143500000000001	1.14139109000468
0.144000000000001	1.14082637797514
0.144500000000001	1.14026027841425
0.145000000000001	1.13969279697024
0.145500000000001	1.13912393930492
0.146000000000001	1.13855371109355
0.146500000000001	1.13798211802484
0.147000000000001	1.13740916580085
0.147500000000001	1.13683486013697
0.148000000000001	1.13625920676182
0.148500000000001	1.13568221141721
0.149000000000001	1.13510387985811
0.149500000000001	1.13452421785252
0.150000000000001	1.13394323118149
0.150500000000001	1.13336092563900
0.151000000000001	1.13277730703195
0.151500000000001	1.13219238118005
0.152000000000001	1.13160615391580
0.152500000000001	1.13101863108441
0.153000000000001	1.13042981854373
0.153500000000001	1.12983972216425
0.154000000000001	1.12924834782893
0.154500000000001	1.12865570143327
0.155000000000001	1.12806178888514
0.155500000000001	1.12746661610477
0.156000000000001	1.12687018902470
0.156500000000001	1.12627251358969
0.157000000000001	1.12567359575666
0.157500000000001	1.12507344149466
0.158000000000001	1.12447205678478
0.158500000000001	1.12386944762009
0.159000000000001	1.12326562000560
0.159500000000001	1.12266057995816
0.160000000000001	1.12205433350645
0.160500000000001	1.12144688669088
0.161000000000001	1.12083824556352
0.161500000000001	1.12022841618810
0.162000000000001	1.11961740463986
0.162500000000001	1.11900521700556
0.163000000000001	1.11839185938338
0.163500000000001	1.11777733788287
0.164000000000001	1.11716165862489
0.164500000000001	1.11654482774152
0.165000000000001	1.11592685137605
0.165500000000001	1.11530773568287
0.166000000000001	1.11468748682744
0.166500000000001	1.11406611098619
0.167000000000001	1.11344361434649
0.167500000000001	1.11282000310657
0.168000000000001	1.11219528347547
0.168500000000001	1.11156946167296
0.169000000000001	1.11094254392949
0.169500000000001	1.11031453648612
0.170000000000001	1.10968544559445
0.170500000000001	1.10905527751658
0.171000000000001	1.10842403852500
0.171500000000001	1.10779173490259
0.172000000000001	1.10715837294250
0.172500000000001	1.10652395894811
0.173000000000001	1.10588849923298
0.173500000000001	1.10525200012074
0.174000000000001	1.10461446794507
0.174500000000001	1.10397590904963
0.175000000000001	1.10333632978796
0.175500000000001	1.10269573652347
0.176000000000001	1.10205413562931
0.176500000000001	1.10141153348837
0.177000000000001	1.10076793649318
0.177500000000001	1.10012335104584
0.178000000000001	1.09947778355797
0.178500000000001	1.09883124045065
0.179000000000001	1.09818372815432
0.179500000000001	1.09753525310877
0.180000000000001	1.09688582176302
0.180500000000001	1.09623544057529
0.181000000000001	1.09558411601293
0.181500000000001	1.09493185455232
0.182000000000001	1.09427866267885
0.182500000000001	1.09362454688685
0.183000000000001	1.09296951367947
0.183500000000001	1.09231356956869
0.184000000000001	1.09165672107520
0.184500000000001	1.09099897472835
0.185000000000001	1.09034033706609
0.185500000000001	1.08968081463489
0.186000000000001	1.08902041398969
0.186500000000001	1.08835914169383
0.187000000000001	1.08769700431896
0.187500000000001	1.08703400844500
0.188000000000001	1.08637016066009
0.188500000000001	1.08570546756045
0.189000000000001	1.08503993575041
0.189500000000001	1.08437357184226
0.190000000000001	1.08370638245624
0.190500000000001	1.08303837422044
0.191000000000001	1.08236955377074
0.191500000000001	1.08169992775076
0.192000000000001	1.08102950281176
0.192500000000001	1.08035828561261
0.193000000000001	1.07968628281969
0.193500000000001	1.07901350110686
0.194000000000001	1.07833994715533
0.194500000000001	1.07766562765368
0.195000000000001	1.07699054929770
0.195500000000001	1.07631471879040
0.196000000000001	1.07563814284189
0.196500000000001	1.07496082816933
0.197000000000001	1.07428278149688
0.197500000000001	1.07360400955560
0.198000000000001	1.07292451908340
0.198500000000001	1.07224431682498
0.199000000000001	1.07156340953173
0.199500000000001	1.07088180396170
0.200000000000001	1.07019950687951
0.200500000000001	1.06951652505630
0.201000000000001	1.06883286526961
0.201500000000001	1.06814853430340
0.202000000000001	1.06746353894789
0.202500000000001	1.06677788599956
0.203000000000001	1.06609158226105
0.203500000000001	1.06540463454107
0.204000000000001	1.06471704965440
0.204500000000001	1.06402883442174
0.205000000000001	1.06333999566971
0.205500000000001	1.06265054023074
0.206000000000001	1.06196047494300
0.206500000000001	1.06126980665036
0.207000000000001	1.06057854220231
0.207500000000001	1.05988668845387
0.208000000000001	1.05919425226554
0.208500000000001	1.05850124050323
0.209000000000001	1.05780766003821
0.209500000000001	1.05711351774698
0.210000000000001	1.05641882051127
0.210500000000001	1.05572357521794
0.211000000000001	1.05502778875890
0.211500000000001	1.05433146803107
0.212000000000001	1.05363461993627
0.212500000000001	1.05293725138121
0.213000000000001	1.05223936927735
0.213500000000001	1.05154098054088
0.214000000000001	1.05084209209265
0.214500000000001	1.05014271085808
0.215000000000001	1.04944284376708
0.215500000000001	1.04874249775402
0.216000000000001	1.04804167975763
0.216500000000001	1.04734039672095
0.217000000000001	1.04663865559124
0.217500000000001	1.04593646331991
0.218000000000001	1.04523382686249
0.218500000000001	1.04453075317850
0.219000000000001	1.04382724923144
0.219500000000001	1.04312332198867
0.220000000000001	1.04241897842137
0.220500000000001	1.04171422550446
0.221000000000001	1.04100907021655
0.221500000000001	1.04030351953981
0.222000000000001	1.03959758046000
0.222500000000001	1.03889125996629
0.223000000000001	1.03818456505129
0.223500000000001	1.03747750271089
0.224000000000001	1.03677007994426
0.224500000000001	1.03606230375376
0.225000000000001	1.03535418114484
0.225500000000001	1.03464571912601
0.226000000000001	1.03393692470876
0.226500000000001	1.03322780490745
0.227000000000001	1.03251836673932
0.227500000000001	1.03180861722433
0.228000000000001	1.03109856338518
0.228500000000001	1.03038821224716
0.229000000000001	1.02967757083812
0.229500000000001	1.02896664618840
0.230000000000001	1.02825544533075
0.230500000000001	1.02754397530026
0.231000000000001	1.02683224313432
0.231500000000001	1.02612025587248
0.232000000000001	1.02540802055646
0.232500000000001	1.02469554423003
0.233000000000001	1.02398283393895
0.233500000000001	1.02326989673091
0.234000000000001	1.02255673965544
0.234500000000001	1.02184336976388
0.235000000000001	1.02112979410925
0.235500000000001	1.02041601974624
0.236000000000001	1.01970205373111
0.236500000000001	1.01898790312160
0.237000000000001	1.01827357497691
0.237500000000001	1.01755907635758
0.238000000000001	1.01684441432546
0.238500000000001	1.01612959594362
0.239000000000001	1.01541462827628
0.239500000000001	1.01469951838873
0.240000000000001	1.01398427334728
0.240500000000001	1.01326890021920
0.241000000000001	1.01255340607261
0.241500000000001	1.01183779797644
0.242000000000001	1.01112208300035
0.242500000000001	1.01040626821465
0.243000000000001	1.00969036069028
0.243500000000001	1.00897436749866
0.244000000000001	1.00825829571168
0.244500000000001	1.00754215240161
0.245000000000001	1.00682594464103
0.245500000000001	1.00610967950277
0.246000000000001	1.00539336405982
0.246500000000001	1.00467700538528
0.247000000000001	1.00396061055228
0.247500000000001	1.00324418663391
0.248000000000001	1.00252774070315
0.248500000000001	1.00181127983280
0.249000000000001	1.00109481109544
0.249500000000001	1.00037834156329
0.250000000000001	0.999661878308211
0.250500000000001	0.998945428401598
0.251000000000001	0.998228998914319
0.251500000000001	0.997512596916646
0.252000000000001	0.996796229478185
0.252500000000001	0.996079903667806
0.253000000000001	0.995363626553571
0.253500000000001	0.994647405202669
0.254000000000001	0.993931246681342
0.254500000000001	0.993215158054817
0.255000000000001	0.992499146387238
0.255500000000001	0.991783218741593
0.256000000000001	0.991067382179648
0.256500000000001	0.990351643761873
0.257000000000001	0.989636010547379
0.257500000000001	0.988920489593843
0.258000000000001	0.988205087957438
0.258500000000001	0.987489812692770
0.259000000000001	0.986774670852802
0.259500000000001	0.986059669488788
0.260000000000001	0.985344815650203
0.260500000000001	0.984630116384673
0.261000000000001	0.983915578737907
0.261500000000001	0.983201209753625
0.262000000000001	0.982487016473495
0.262500000000001	0.981773005937056
0.263000000000001	0.981059185181654
0.263500000000001	0.980345561242372
0.264000000000001	0.979632141151961
0.264500000000001	0.978918931940768
0.265000000000001	0.978205940636673
0.265500000000001	0.977493174265014
0.266000000000001	0.976780639848521
0.266500000000001	0.976068344407250
0.267000000000001	0.975356294958506
0.267500000000001	0.974644498516785
0.268000000000001	0.973932962093696
0.268500000000001	0.973221692697897
0.269000000000001	0.972510697335024
0.269500000000001	0.971799983007627
0.270000000000001	0.971089556715096
0.270500000000001	0.970379425453596
0.271000000000001	0.969669596215996
0.271500000000001	0.968960075991802
0.272000000000001	0.968250871767090
0.272500000000001	0.967541990524435
0.273000000000001	0.966833439242846
0.273500000000001	0.966125224897694
0.274000000000001	0.965417354460647
0.274500000000001	0.964709834899598
0.275000000000001	0.964002673178604
0.275500000000001	0.963295876257810
0.276000000000001	0.962589451093386
0.276500000000001	0.961883404637458
0.277000000000001	0.961177743838040
0.277500000000001	0.960472475638967
0.278000000000001	0.959767606979824
0.278500000000001	0.959063144795883
0.279000000000001	0.958359096018033
0.279500000000001	0.957655467572712
0.280000000000001	0.956952266381841
0.280500000000001	0.956249499362755
0.281000000000001	0.955547173428137
0.281500000000001	0.954845295485951
0.282000000000001	0.954143872439371
0.282500000000001	0.953442911186721
0.283000000000001	0.952742418621400
0.283500000000001	0.952042401631819
0.284000000000001	0.951342867101337
0.284500000000001	0.950643821908185
0.285000000000001	0.949945272925410
0.285500000000001	0.949247227020800
0.286000000000001	0.948549691056820
0.286500000000001	0.947852671890548
0.287000000000001	0.947156176373604
0.287500000000001	0.946460211352086
0.288000000000001	0.945764783666502
0.288500000000001	0.945069900151707
0.289000000000001	0.944375567636832
0.289500000000001	0.943681792945222
0.290000000000001	0.942988582894364
0.290500000000001	0.942295944295830
0.291000000000001	0.941603883955201
0.291500000000001	0.940912408672010
0.292000000000001	0.940221525239667
0.292500000000001	0.939531240445403
0.293000000000001	0.938841561070195
0.293500000000001	0.938152493888708
0.294000000000001	0.937464045669224
0.294500000000001	0.936776223173578
0.295000000000001	0.936089033157094
0.295500000000001	0.935402482368521
0.296000000000001	0.934716577549961
0.296500000000001	0.934031325436810
0.297000000000001	0.933346732757693
0.297500000000001	0.932662806234395
0.298000000000001	0.931979552581798
0.298500000000001	0.931296978507817
0.299000000000001	0.930615090713334
0.299500000000001	0.929933895892134
0.300000000000001	0.929253400730839
0.300500000000001	0.928573611908846
0.301000000000001	0.927894536098259
0.301500000000001	0.927216179963830
0.302000000000001	0.926538550162888
0.302500000000001	0.925861653345279
0.303000000000001	0.925185496153302
0.303500000000001	0.924510085221642
0.304000000000001	0.923835427177311
0.304500000000001	0.923161528639578
0.305000000000001	0.922488396219910
0.305500000000001	0.921816036521906
0.306000000000001	0.921144456141235
0.306500000000001	0.920473661665570
0.307000000000001	0.919803659674529
0.307500000000001	0.919134456739605
0.308000000000001	0.918466059424109
0.308500000000001	0.917798474283103
0.309000000000001	0.917131707863341
0.309500000000001	0.916465766703201
0.310000000000001	0.915800657332625
0.310500000000001	0.915136386273056
0.311000000000001	0.914472960037375
0.311500000000001	0.913810385129840
0.312000000000001	0.913148668046019
0.312500000000001	0.912487815272735
0.313000000000001	0.911827833287995
0.313500000000001	0.911168728560935
0.314000000000001	0.910510507551754
0.314500000000001	0.909853176711654
0.315000000000001	0.909196742482777
0.315500000000001	0.908541211298143
0.316000000000001	0.907886589581590
0.316500000000001	0.907232883747709
0.317000000000001	0.906580100201787
0.317500000000001	0.905928245339742
0.318000000000001	0.905277325548063
0.318500000000001	0.904627347203751
0.319000000000001	0.903978316674254
0.319500000000001	0.903330240317407
0.320000000000001	0.902683124481375
0.320500000000001	0.902036975504585
0.321000000000001	0.901391799715674
0.321500000000001	0.900747603433421
0.322000000000001	0.900104392966691
0.322500000000001	0.899462174614374
0.323000000000001	0.898820954665321
0.323500000000001	0.898180739398291
0.324000000000001	0.897541535081885
0.324500000000001	0.896903347974487
0.325000000000001	0.896266184324206
0.325500000000001	0.895630050368818
0.326000000000001	0.894994952335700
0.326500000000001	0.894360896441778
0.327000000000001	0.893727888893463
0.327500000000001	0.893095935886593
0.328000000000001	0.892465043606373
0.328500000000001	0.891835218227319
0.329000000000001	0.891206465913194
0.329500000000001	0.890578792816958
0.330000000000001	0.889952205080696
0.330500000000001	0.889326708835574
0.331000000000001	0.888702310201769
0.331500000000001	0.888079015288418
0.332000000000001	0.887456830193555
0.332500000000001	0.886835761004058
0.333000000000001	0.886215813795587
0.333500000000001	0.885596994632525
0.334000000000001	0.884979309567927
0.334500000000001	0.884362764643454
0.335000000000001	0.883747365889322
0.335500000000001	0.883133119324241
0.336000000000001	0.882520030955361
0.336500000000001	0.881908106778209
0.337000000000001	0.881297352776640
0.337500000000001	0.880687774922775
0.338000000000001	0.880079379176943
0.338500000000001	0.879472171487630
0.339000000000001	0.878866157791416
0.339500000000001	0.878261344012924
0.340000000000001	0.877657736064762
0.340500000000001	0.877055339847464
0.341000000000001	0.876454161249438
0.341500000000001	0.875854206146909
0.342000000000001	0.875255480403862
0.342500000000001	0.874657989871988
0.343000000000001	0.874061740390628
0.343500000000001	0.873466737786715
0.344000000000001	0.872872987874725
0.344500000000001	0.872280496456615
0.345000000000001	0.871689269321772
0.345500000000001	0.871099312246957
0.346000000000001	0.870510630996253
0.346500000000001	0.869923231321004
0.347000000000001	0.869337118959768
0.347500000000001	0.868752299638257
0.348000000000001	0.868168779069286
0.348500000000001	0.867586562952718
0.349000000000001	0.867005656975410
0.349500000000001	0.866426066811160
0.350000000000001	0.865847798120650
0.350500000000001	0.865270856551398
0.351000000000001	0.864695247737702
0.351500000000001	0.864120977300583
0.352000000000001	0.863548050847740
0.352500000000001	0.862976473973488
0.353000000000001	0.862406252258713
0.353500000000001	0.861837391270816
0.354000000000001	0.861269896563656
0.354500000000001	0.860703773677507
0.355000000000001	0.860139028138998
0.355500000000001	0.859575665461064
0.356000000000001	0.859013691142893
0.356500000000001	0.858453110669876
0.357000000000001	0.857893929513553
0.357500000000001	0.857336153131561
0.358000000000001	0.856779786967587
0.358500000000001	0.856224836451311
0.359000000000001	0.855671306998357
0.359500000000001	0.855119204010244
0.360000000000001	0.854568532874333
0.360500000000001	0.854019298963777
0.361000000000001	0.853471507637470
0.361500000000001	0.852925164239995
0.362000000000001	0.852380274101579
0.362500000000001	0.851836842538035
0.363000000000001	0.851294874850719
0.363500000000001	0.850754376326477
0.364000000000001	0.850215352237595
0.364500000000001	0.849677807841751
0.365000000000001	0.849141748381963
0.365500000000001	0.848607179086543
0.366000000000001	0.848074105169045
0.366500000000001	0.847542531828217
0.367000000000001	0.847012464247954
0.367500000000001	0.846483907597246
0.368000000000001	0.845956867030132
0.368500000000001	0.845431347685650
0.369000000000001	0.844907354687791
0.369500000000001	0.844384893145447
0.370000000000001	0.843863968152367
0.370500000000001	0.843344584787107
0.371000000000001	0.842826748112985
0.371500000000001	0.842310463178027
0.372000000000001	0.841795735014929
0.372500000000001	0.841282568641002
0.373000000000001	0.840770969058129
0.373500000000001	0.840260941252717
0.374000000000001	0.839752490195649
0.374500000000001	0.839245620842240
0.375000000000001	0.838740338132190
0.375500000000001	0.838236646989536
0.376000000000001	0.837734552322607
0.376500000000001	0.837234059023976
0.377000000000001	0.836735171970420
0.377500000000001	0.836237896022869
0.378000000000001	0.835742236026360
0.378500000000001	0.835248196809996
0.379000000000001	0.834755783186897
0.379500000000001	0.834264999954158
0.380000000000001	0.833775851892802
0.380500000000001	0.833288343767734
0.381000000000001	0.832802480327701
0.381500000000001	0.832318266305245
0.382000000000001	0.831835706416656
0.382500000000001	0.831354805361933
0.383000000000001	0.830875567824737
0.383500000000001	0.830397998472347
0.384000000000001	0.829922101955620
0.384500000000001	0.829447882908943
0.385000000000001	0.828975345950190
0.385500000000001	0.828504495680685
0.386000000000001	0.828035336685151
0.386500000000001	0.827567873531672
0.387000000000001	0.827102110771650
0.387500000000001	0.826638052939760
0.388000000000001	0.826175704553911
0.388500000000001	0.825715070115201
0.389000000000001	0.825256154107878
0.389500000000001	0.824798960999295
0.390000000000001	0.824343495239871
0.390500000000001	0.823889761263047
0.391000000000001	0.823437763485247
0.391500000000001	0.822987506305837
0.392000000000001	0.822538994107080
0.392500000000001	0.822092231254102
0.393000000000001	0.821647222094844
0.393500000000001	0.821203970960028
0.394000000000001	0.820762482163110
0.394500000000001	0.820322760000247
0.395000000000001	0.819884808750251
0.395500000000001	0.819448632674554
0.396000000000001	0.819014236017165
0.396500000000001	0.818581623004631
0.397000000000001	0.818150797845998
0.397500000000001	0.817721764732773
0.398000000000001	0.817294527838886
0.398500000000001	0.816869091320644
0.399000000000001	0.816445459316703
0.399500000000001	0.816023635948023
0.400000000000001	0.815603625317828
0.400500000000001	0.815185431511574
0.401000000000001	0.814769058596906
0.401500000000001	0.814354510623624
0.402000000000001	0.813941791623641
0.402500000000001	0.813530905610950
0.403000000000001	0.813121856581583
0.403500000000001	0.812714648513577
0.404000000000001	0.812309285366935
0.404500000000001	0.811905771083590
0.405000000000001	0.811504109587368
0.405500000000001	0.811104304783954
0.406000000000001	0.810706360560850
0.406500000000001	0.810310280787346
0.407000000000001	0.809916069314479
0.407500000000001	0.809523729975000
0.408000000000001	0.809133266583336
0.408500000000001	0.808744682935557
0.409000000000001	0.808357982809340
0.409500000000001	0.807973169963935
0.410000000000001	0.807590248140128
0.410500000000001	0.807209221060206
0.411000000000001	0.806830092427926
0.411500000000001	0.806452865928479
0.412000000000001	0.806077545228453
0.412500000000001	0.805704133975803
0.413000000000001	0.805332635799817
0.413500000000001	0.804963054311079
0.414000000000001	0.804595393101438
0.414500000000001	0.804229655743977
0.415000000000001	0.803865845792973
0.415500000000001	0.803503966783872
0.416000000000001	0.803144022233252
0.416500000000001	0.802786015638792
0.417000000000001	0.802429950479235
0.417500000000001	0.802075830214365
0.418000000000001	0.801723658284966
0.418500000000001	0.801373438112796
0.419000000000001	0.801025173100552
0.419500000000001	0.800678866631841
0.420000000000001	0.800334522071146
0.420500000000001	0.799992142763798
0.421000000000001	0.799651732035942
0.421500000000001	0.799313293194509
0.422000000000001	0.798976829527184
0.422500000000001	0.798642344302375
0.423000000000001	0.798309840769184
0.423500000000001	0.797979322157378
0.424000000000001	0.797650791677356
0.424500000000001	0.797324252520122
0.425000000000001	0.796999707857255
0.425500000000001	0.796677160840880
0.426000000000001	0.796356614603635
0.426500000000001	0.796038072258650
0.427000000000001	0.795721536899510
0.427500000000001	0.795407011600233
0.428000000000001	0.795094499415237
0.428500000000001	0.794784003379313
0.429000000000001	0.794475526507601
0.429500000000001	0.794169071795555
0.430000000000001	0.793864642218920
0.430500000000001	0.793562240733706
0.431000000000001	0.793261870276156
0.431500000000001	0.792963533762722
0.432000000000001	0.792667234090039
0.432500000000001	0.792372974134894
0.433000000000001	0.792080756754205
0.433500000000001	0.791790584784991
0.434000000000001	0.791502461044346
0.434500000000001	0.791216388329414
0.435000000000001	0.790932369417366
0.435500000000001	0.790650407065367
0.436000000000001	0.790370504010558
0.436500000000001	0.790092662970028
0.437000000000001	0.789816886640787
0.437500000000001	0.789543177699744
0.438000000000001	0.789271538803683
0.438500000000001	0.789001972589234
0.439000000000001	0.788734481672855
0.439500000000001	0.788469068650801
0.440000000000001	0.788205736099107
0.440500000000001	0.787944486573557
0.441000000000001	0.787685322609670
0.441500000000001	0.787428246722666
0.442000000000001	0.787173261407451
0.442500000000001	0.786920369138589
0.443000000000001	0.786669572370284
0.443500000000001	0.786420873536352
0.444000000000001	0.786174275050202
0.444500000000001	0.785929779304814
0.445000000000001	0.785687388672716
0.445500000000001	0.785447105505962
0.446000000000001	0.785208932136110
0.446500000000001	0.784972870874201
0.447000000000001	0.784738924010741
0.447500000000001	0.784507093815673
0.448000000000001	0.784277382538363
0.448500000000001	0.784049792407574
0.449000000000001	0.783824325631451
0.449500000000001	0.783600984397494
0.450000000000001	0.783379770872544
0.450500000000001	0.783160687202759
0.451000000000001	0.782943735513599
0.451500000000001	0.782728917909800
0.452000000000001	0.782516236475360
0.452500000000001	0.782305693273516
0.453000000000001	0.782097290346729
0.453500000000001	0.781891029716662
0.454000000000001	0.781686913384164
0.454500000000001	0.781484943329248
0.455000000000001	0.781285121511077
0.455500000000001	0.781087449867944
0.456000000000001	0.780891930317254
0.456500000000001	0.780698564755505
0.457000000000001	0.780507355058276
0.457500000000001	0.780318303080202
0.458000000000001	0.780131410654964
0.458500000000001	0.779946679595268
0.459000000000001	0.779764111692830
0.459500000000001	0.779583708718359
0.460000000000001	0.779405472421542
0.460500000000001	0.779229404531024
0.461000000000001	0.779055506754398
0.461500000000001	0.778883780778184
0.462000000000001	0.778714228267819
0.462500000000001	0.778546850867636
0.463000000000001	0.778381650200852
0.463500000000001	0.778218627869553
0.464000000000001	0.778057785454678
0.464500000000001	0.777899124516008
0.465000000000001	0.777742646592145
0.465500000000001	0.777588353200507
0.466000000000001	0.777436245837305
0.466500000000001	0.777286325977535
0.467000000000001	0.777138595074964
0.467500000000001	0.776993054562114
0.468000000000001	0.776849705850250
0.468500000000001	0.776708550329369
0.469000000000001	0.776569589368185
0.469500000000001	0.776432824314118
0.470000000000001	0.776298256493279
0.470500000000001	0.776165887210462
0.471000000000001	0.776035717749128
0.471500000000001	0.775907749371396
0.472000000000001	0.775781983318030
0.472500000000001	0.775658420808429
0.473000000000001	0.775537063040612
0.473500000000001	0.775417911191214
0.474000000000001	0.775300966415468
0.474500000000001	0.775186229847199
0.475000000000001	0.775073702598812
0.475500000000001	0.774963385761281
0.476000000000001	0.774855280404142
0.476500000000001	0.774749387575479
0.477000000000001	0.774645708301917
0.477500000000001	0.774544243588615
0.478000000000001	0.774444994419249
0.478500000000001	0.774347961756013
0.479000000000001	0.774253146539601
0.479500000000001	0.774160549689206
0.480000000000001	0.774070172102505
0.480500000000001	0.773982014655656
0.481000000000001	0.773896078203288
0.481500000000001	0.773812363578491
0.482000000000001	0.773730871592814
0.482500000000001	0.773651603036249
0.483000000000001	0.773574558677234
0.483500000000001	0.773499739262637
0.484000000000001	0.773427145517755
0.484500000000001	0.773356778146304
0.485000000000001	0.773288637830414
0.485500000000001	0.773222725230624
0.486000000000001	0.773159040985872
0.486500000000001	0.773097585713494
0.487000000000001	0.773038360009215
0.487500000000001	0.772981364447144
0.488000000000001	0.772926599579771
0.488500000000001	0.772874065937959
0.489000000000001	0.772823764030940
0.489500000000001	0.772775694346313
0.490000000000001	0.772729857350034
0.490500000000001	0.772686253486417
0.491000000000001	0.772644883178129
0.491500000000001	0.772605746826182
0.492000000000001	0.772568844809936
0.492500000000001	0.772534177487088
0.493000000000001	0.772501745193676
0.493500000000001	0.772471548244072
0.494000000000001	0.772443586930978
0.494500000000001	0.772417861525426
0.495000000000001	0.772394372276776
0.495500000000001	0.772373119412710
0.496000000000001	0.772354103139233
0.496500000000001	0.772337323640671
0.497000000000001	0.772322781079668
0.497500000000001	0.772310475597184
0.498000000000001	0.772300407312498
0.498500000000001	0.772292576323201
0.499000000000001	0.772286982705198
0.499500000000001	0.772283626512709