-0.500000000000000	6.58463821628035e-07
-0.499500000000000	6.58809267888589e-07
-0.499000000000000	6.59845922952294e-07
-0.498500000000000	6.61574735909402e-07
-0.498000000000000	6.63997289390897e-07
-0.497500000000000	6.67115800789833e-07
-0.497000000000000	6.70933123972279e-07
-0.496500000000000	6.75452751478920e-07
-0.496000000000000	6.80678817218592e-07
-0.495500000000000	6.86616099655491e-07
-0.495000000000000	6.93270025491934e-07
-0.494500000000000	7.00646673848985e-07
-0.494000000000000	7.08752780947428e-07
-0.493500000000000	7.17595745292001e-07
-0.493000000000000	7.27183633362055e-07
-0.492500000000000	7.37525185812059e-07
-0.492000000000000	7.48629824185794e-07
-0.491500000000000	7.60507658148263e-07
-0.491000000000000	7.73169493239765e-07
-0.490500000000000	7.86626839156824e-07
-0.490000000000000	8.00891918565004e-07
-0.489500000000000	8.15977676448937e-07
-0.489000000000000	8.31897790005287e-07
-0.488500000000000	8.48666679084556e-07
-0.488000000000000	8.66299517188119e-07
-0.487500000000000	8.84812243027066e-07
-0.487000000000000	9.04221572649871e-07
-0.486500000000000	9.24545012146150e-07
-0.486000000000000	9.45800870934161e-07
-0.485500000000000	9.68008275640030e-07
-0.485000000000000	9.91187184577004e-07
-0.484500000000000	1.01535840283341e-06
-0.484000000000000	1.04054359797833e-06
-0.483500000000000	1.06676531639432e-06
-0.483000000000000	1.09404700024699e-06
-0.482500000000000	1.12241300510141e-06
-0.482000000000000	1.15188861819588e-06
-0.481500000000000	1.18250007738387e-06
-0.481000000000000	1.21427459075520e-06
-0.480500000000000	1.24724035694828e-06
-0.480000000000000	1.28142658616506e-06
-0.479500000000000	1.31686352190128e-06
-0.479000000000000	1.35358246340458e-06
-0.478500000000000	1.39161578887370e-06
-0.478000000000000	1.43099697941227e-06
-0.477500000000000	1.47176064375107e-06
-0.477000000000000	1.51394254375321e-06
-0.476500000000000	1.55757962071692e-06
-0.476000000000000	1.60271002249123e-06
-0.475500000000000	1.64937313142003e-06
-0.475000000000000	1.69760959313071e-06
-0.474500000000000	1.74746134618381e-06
-0.474000000000000	1.79897165260068e-06
-0.473500000000000	1.85218512928648e-06
-0.473000000000000	1.90714778036647e-06
-0.472500000000000	1.96390703045393e-06
-0.472000000000000	2.02251175886847e-06
-0.471500000000000	2.08301233482410e-06
-0.471000000000000	2.14546065360676e-06
-0.470500000000000	2.20991017376172e-06
-0.470000000000000	2.27641595531153e-06
-0.469500000000000	2.34503469902597e-06
-0.469000000000000	2.41582478676558e-06
-0.468500000000000	2.48884632292143e-06
-0.468000000000000	2.56416117697388e-06
-0.467500000000000	2.64183302719366e-06
-0.467000000000000	2.72192740550948e-06
-0.466500000000000	2.80451174356666e-06
-0.466000000000000	2.88965542000174e-06
-0.465500000000000	2.97742980895904e-06
-0.465000000000000	3.06790832987537e-06
-0.464500000000000	3.16116649855964e-06
-0.464000000000000	3.25728197959513e-06
-0.463500000000000	3.35633464009234e-06
-0.463000000000000	3.45840660482138e-06
-0.462500000000000	3.56358231275297e-06
-0.462000000000000	3.67194857503848e-06
-0.461500000000000	3.78359463445940e-06
-0.461000000000000	3.89861222637775e-06
-0.460500000000000	4.01709564121946e-06
-0.460000000000000	4.13914178852343e-06
-0.459500000000000	4.26485026258965e-06
-0.459000000000000	4.39432340976071e-06
-0.458500000000000	4.52766639737136e-06
-0.458000000000000	4.66498728440182e-06
-0.457500000000000	4.80639709387122e-06
-0.457000000000000	4.95200988700826e-06
-0.456500000000000	5.10194283923684e-06
-0.456000000000000	5.25631631801562e-06
-0.455500000000000	5.41525396257057e-06
-0.455000000000000	5.57888276556119e-06
-0.454500000000000	5.74733315672106e-06
-0.454000000000000	5.92073908851500e-06
-0.453500000000000	6.09923812385543e-06
-0.453000000000000	6.28297152592143e-06
-0.452500000000000	6.47208435012526e-06
-0.452000000000000	6.66672553827154e-06
-0.451500000000000	6.86704801495524e-06
-0.451000000000000	7.07320878624608e-06
-0.450500000000000	7.28536904070696e-06
-0.450000000000000	7.50369425279578e-06
-0.449500000000000	7.72835428870052e-06
-0.449000000000000	7.95952351465877e-06
-0.448500000000000	8.19738090781318e-06
-0.448000000000000	8.44211016965647e-06
-0.447500000000000	8.69389984211937e-06
-0.447000000000000	8.95294342635682e-06
-0.446500000000000	9.21943950428835e-06
-0.446000000000000	9.49359186294980e-06
-0.445500000000000	9.77560962171455e-06
-0.445000000000000	1.00657073624435e-05
-0.444500000000000	1.03641052626243e-05
-0.444000000000000	1.06710292315610e-05
-0.443500000000000	1.09867110496772e-05
-0.443000000000000	1.13113885109961e-05
-0.442500000000000	1.16453055688631e-05
-0.442000000000000	1.19887124849759e-05
-0.441500000000000	1.23418659817906e-05
-0.441000000000000	1.27050293983723e-05
-0.440500000000000	1.30784728497588e-05
-0.440000000000000	1.34624733899104e-05
-0.439500000000000	1.38573151783166e-05
-0.439000000000000	1.42632896503340e-05
-0.438500000000000	1.46806956913305e-05
-0.438000000000000	1.51098398147118e-05
-0.437500000000000	1.55510363439080e-05
-0.437000000000000	1.60046075983989e-05
-0.436500000000000	1.64708840838598e-05
-0.436000000000000	1.69502046865071e-05
-0.435500000000000	1.74429168717299e-05
-0.435000000000000	1.79493768870899e-05
-0.434500000000000	1.84699499697766e-05
-0.434000000000000	1.90050105586059e-05
-0.433500000000000	1.95549425106505e-05
-0.433000000000000	2.01201393225926e-05
-0.432500000000000	2.07010043568921e-05
-0.432000000000000	2.12979510728625e-05
-0.431500000000000	2.19114032627515e-05
-0.431000000000000	2.25417952929215e-05
-0.430500000000000	2.31895723502297e-05
-0.430000000000000	2.38551906937077e-05
-0.429500000000000	2.45391179116418e-05
-0.429000000000000	2.52418331841584e-05
-0.428500000000000	2.59638275514185e-05
-0.428000000000000	2.67056041875300e-05
-0.427500000000000	2.74676786802839e-05
-0.427000000000000	2.82505793168272e-05
-0.426500000000000	2.90548473753834e-05
-0.426000000000000	2.98810374231344e-05
-0.425500000000000	3.07297176203806e-05
-0.425000000000000	3.16014700310958e-05
-0.424500000000000	3.24968909399966e-05
-0.424000000000000	3.34165911762483e-05
-0.423500000000000	3.43611964439296e-05
-0.423000000000000	3.53313476593825e-05
-0.422500000000000	3.63277012955730e-05
-0.422000000000000	3.73509297335929e-05
-0.421500000000000	3.84017216214335e-05
-0.421000000000000	3.94807822401639e-05
-0.420500000000000	4.05888338776497e-05
-0.420000000000000	4.17266162099486e-05
-0.419500000000000	4.28948866905223e-05
-0.419000000000000	4.40944209474067e-05
-0.418500000000000	4.53260131884826e-05
-0.418000000000000	4.65904766149935e-05
-0.417500000000000	4.78886438434583e-05
-0.417000000000000	4.92213673361277e-05
-0.416500000000000	5.05895198401371e-05
-0.416000000000000	5.19939948355115e-05
-0.415500000000000	5.34357069921759e-05
-0.415000000000000	5.49155926361334e-05
-0.414500000000000	5.64346102249697e-05
-0.414000000000000	5.79937408328487e-05
-0.413500000000000	5.95939886451639e-05
-0.413000000000000	6.12363814630144e-05
-0.412500000000000	6.29219712176758e-05
-0.412000000000000	6.46518344952382e-05
-0.411500000000000	6.64270730715867e-05
-0.411000000000000	6.82488144579030e-05
-0.410500000000000	7.01182124568656e-05
-0.410000000000000	7.20364477297345e-05
-0.409500000000000	7.40047283745015e-05
-0.409000000000000	7.60242905152967e-05
-0.408500000000000	7.80963989032399e-05
-0.408000000000000	8.02223475289284e-05
-0.407500000000000	8.24034602467580e-05
-0.407000000000000	8.46410914112721e-05
-0.406500000000000	8.69366265257445e-05
-0.406000000000000	8.92914829031889e-05
-0.405500000000000	9.17071103400122e-05
-0.405000000000000	9.41849918025106e-05
-0.404500000000000	9.67266441264211e-05
-0.404000000000000	9.93336187297462e-05
-0.403500000000000	0.000102007502339061
-0.403000000000000	0.000104749917729525
-0.402500000000000	0.000107562524478823
-0.402000000000000	0.000110447019735245
-0.401500000000000	0.000113405139000160
-0.401000000000000	0.000116438656925076
-0.400500000000000	0.000119549388123551
-0.400000000000000	0.000122739187998171
-0.399500000000000	0.000126009953582842
-0.399000000000000	0.000129363624400628
-0.398500000000000	0.000132802183337392
-0.398000000000000	0.000136327657531465
-0.397500000000000	0.000139942119279618
-0.397000000000000	0.000143647686959565
-0.396500000000000	0.000147446525969269
-0.396000000000000	0.000151340849683293
-0.395500000000000	0.000155332920426476
-0.395000000000000	0.000159425050465176
-0.394500000000000	0.000163619603016359
-0.394000000000000	0.000167918993274801
-0.393500000000000	0.000172325689458670
-0.393000000000000	0.000176842213873773
-0.392500000000000	0.000181471143996725
-0.392000000000000	0.000186215113577350
-0.391500000000000	0.000191076813760565
-0.391000000000000	0.000196058994228064
-0.390500000000000	0.000201164464360063
-0.390000000000000	0.000206396094417415
-0.389500000000000	0.000211756816744392
-0.389000000000000	0.000217249626992412
-0.388500000000000	0.000222877585365035
-0.388000000000000	0.000228643817884513
-0.387500000000000	0.000234551517680214
-0.387000000000000	0.000240603946299215
-0.386500000000000	0.000246804435039389
-0.386000000000000	0.000253156386305290
-0.385500000000000	0.000259663274987166
-0.385000000000000	0.000266328649863396
-0.384500000000000	0.000273156135026709
-0.384000000000000	0.000280149431334479
-0.383500000000000	0.000287312317883436
-0.383000000000000	0.000294648653509139
-0.382500000000000	0.000302162378310513
-0.382000000000000	0.000309857515199817
-0.381500000000000	0.000317738171478365
-0.381000000000000	0.000325808540438349
-0.380500000000000	0.000334072902991102
-0.380000000000000	0.000342535629322155
-0.379500000000000	0.000351201180573440
-0.379000000000000	0.000360074110552972
-0.378500000000000	0.000369159067472397
-0.378000000000000	0.000378460795712733
-0.377500000000000	0.000387984137618677
-0.377000000000000	0.000397734035321842
-0.376500000000000	0.000407715532593288
-0.376000000000000	0.000417933776725703
-0.375500000000000	0.000428394020445620
-0.375000000000000	0.000439101623856029
-0.374500000000000	0.000450062056409760
-0.374000000000000	0.000461280898914018
-0.373500000000000	0.000472763845566446
-0.373000000000000	0.000484516706023085
-0.372500000000000	0.000496545407498635
-0.372000000000000	0.000508855996899377
-0.371500000000000	0.000521454642989169
-0.371000000000000	0.000534347638588871
-0.370500000000000	0.000547541402809615
-0.370000000000000	0.000561042483320315
-0.369500000000000	0.000574857558649767
-0.369000000000000	0.000588993440523800
-0.368500000000000	0.000603457076237822
-0.368000000000000	0.000618255551065172
-0.367500000000000	0.000633396090701696
-0.367000000000000	0.000648886063746922
-0.366500000000000	0.000664732984222256
-0.366000000000000	0.000680944514126594
-0.365500000000000	0.000697528466029742
-0.365000000000000	0.000714492805704087
-0.364500000000000	0.000731845654794870
-0.364000000000000	0.000749595293529531
-0.363500000000000	0.000767750163466481
-0.363000000000000	0.000786318870283740
-0.362500000000000	0.000805310186607831
-0.362000000000000	0.000824733054883382
-0.361500000000000	0.000844596590283772
-0.361000000000000	0.000864910083663319
-0.360500000000000	0.000885683004551346
-0.360000000000000	0.000906925004188592
-0.359500000000000	0.000928645918606332
-0.359000000000000	0.000950855771748673
-0.358500000000000	0.000973564778638372
-0.358000000000000	0.000996783348586648
-0.357500000000000	0.00102052208844736
-0.357000000000000	0.00104479180591596
-0.356500000000000	0.00106960351287366
-0.356000000000000	0.00109496842877721
-0.355500000000000	0.00112089798409466
-0.355000000000000	0.00114740382378757
-0.354500000000000	0.00117449781084002
-0.354000000000000	0.00120219202983486
-0.353500000000000	0.00123049879057761
-0.353000000000000	0.00125943063176835
-0.352500000000000	0.00128900032472209
-0.352000000000000	0.00131922087713790
-0.351500000000000	0.00135010553691737
-0.351000000000000	0.00138166779603258
-0.350500000000000	0.00141392139444414
-0.350000000000000	0.00144688032406963
-0.349500000000000	0.00148055883280275
-0.349000000000000	0.00151497142858377
-0.348500000000000	0.00155013288352139
-0.348000000000000	0.00158605823806660
-0.347500000000000	0.00162276280523882
-0.347000000000000	0.00166026217490468
-0.346500000000000	0.00169857221810990
-0.346000000000000	0.00173770909146449
-0.345500000000000	0.00177768924158173
-0.345000000000000	0.00181852940957129
-0.344500000000000	0.00186024663558676
-0.344000000000000	0.00190285826342801
-0.343500000000000	0.00194638194519868
-0.343000000000000	0.00199083564601918
-0.342500000000000	0.00203623764879543
-0.342000000000000	0.00208260655904382
-0.341500000000000	0.00212996130977255
-0.341000000000000	0.00217832116641977
-0.340500000000000	0.00222770573184878
-0.340000000000000	0.00227813495140063
-0.339500000000000	0.00232962911800432
-0.339000000000000	0.00238220887734504
-0.338500000000000	0.00243589523309058
-0.338000000000000	0.00249070955217627
-0.337500000000000	0.00254667357014871
-0.337000000000000	0.00260380939656847
-0.336500000000000	0.00266213952047217
-0.336000000000000	0.00272168681589400
-0.335500000000000	0.00278247454744702
-0.335000000000000	0.00284452637596446
-0.334500000000000	0.00290786636420119
-0.334000000000000	0.00297251898259564
-0.333500000000000	0.00303850911509225
-0.333000000000000	0.00310586206502476
-0.332500000000000	0.00317460356106050
-0.332000000000000	0.00324475976320567
-0.331500000000000	0.00331635726887213
-0.331000000000000	0.00338942311900542
-0.330500000000000	0.00346398480427446
-0.330000000000000	0.00354007027132294
-0.329500000000000	0.00361770792908248
-0.329000000000000	0.00369692665514773
-0.328500000000000	0.00377775580221343
-0.328000000000000	0.00386022520457360
-0.327500000000000	0.00394436518468280
-0.327000000000000	0.00403020655977956
-0.326500000000000	0.00411778064857214
-0.326000000000000	0.00420711927798638
-0.325500000000000	0.00429825478997594
-0.325000000000000	0.00439122004839465
-0.324500000000000	0.00448604844593120
-0.324000000000000	0.00458277391110590
-0.323500000000000	0.00468143091532973
-0.323000000000000	0.00478205448002526
-0.322500000000000	0.00488468018380975
-0.322000000000000	0.00498934416974000
-0.321500000000000	0.00509608315261907
-0.321000000000000	0.00520493442636453
-0.320500000000000	0.00531593587143835
-0.320000000000000	0.00542912596233798
-0.319500000000000	0.00554454377514863
-0.319000000000000	0.00566222899515654
-0.318500000000000	0.00578222192452284
-0.318000000000000	0.00590456349001802
-0.317500000000000	0.00602929525081653
-0.317000000000000	0.00615645940635141
-0.316500000000000	0.00628609880422843
-0.316000000000000	0.00641825694819967
-0.315500000000000	0.00655297800619608
-0.315000000000000	0.00669030681841858
-0.314500000000000	0.00683028890548750
-0.314000000000000	0.00697297047664977
-0.313500000000000	0.00711839843804364
-0.313000000000000	0.00726662040102026
-0.312500000000000	0.00741768469052183
-0.312000000000000	0.00757164035351574
-0.311500000000000	0.00772853716748418
-0.311000000000000	0.00788842564896873
-0.310500000000000	0.00805135706216936
-0.310000000000000	0.00821738342759719
-0.309500000000000	0.00838655753078043
-0.309000000000000	0.00855893293102296
-0.308500000000000	0.00873456397021473
-0.308000000000000	0.00891350578169329
-0.307500000000000	0.00909581429915603
-0.307000000000000	0.00928154626562193
-0.306500000000000	0.00947075924244242
-0.306000000000000	0.00966351161836041
-0.305500000000000	0.00985986261861663
-0.305000000000000	0.0100598723141026
-0.304500000000000	0.0102636016305589
-0.304000000000000	0.0104711123578190
-0.303500000000000	0.0106824671590954
-0.303000000000000	0.0108977295803105
-0.302500000000000	0.0111169640594676
-0.302000000000000	0.0113402359360635
-0.301500000000000	0.0115676114605412
-0.301000000000000	0.0117991578037804
-0.300500000000000	0.0120349430666261
-0.300000000000000	0.0122750362894536
-0.299500000000000	0.0125195074617686
-0.299000000000000	0.0127684275318415
-0.298500000000000	0.0130218684163739
-0.298000000000000	0.0132799030101975
-0.297500000000000	0.0135426051960027
-0.297000000000000	0.0138100498540959
-0.296500000000000	0.0140823128721846
-0.296000000000000	0.0143594711551885
-0.295500000000000	0.0146416026350754
-0.295000000000000	0.0149287862807196
-0.294500000000000	0.0152211021077829
-0.294000000000000	0.0155186311886151
-0.293500000000000	0.0158214556621733
-0.293000000000000	0.0161296587439578
-0.292500000000000	0.0164433247359637
-0.292000000000000	0.0167625390366456
-0.291500000000000	0.0170873881508949
-0.291000000000000	0.0174179597000263
-0.290500000000000	0.0177543424317734
-0.290000000000000	0.0180966262302901
-0.289500000000000	0.0184449021261574
-0.289000000000000	0.0187992623063920
-0.288500000000000	0.0191598001244566
-0.288000000000000	0.0195266101102684
-0.287500000000000	0.0198997879802042
-0.287000000000000	0.0202794306471010
-0.286500000000000	0.0206656362302483
-0.286000000000000	0.0210585040653718
-0.285500000000000	0.0214581347146047
-0.285000000000000	0.0218646299764454
-0.284500000000000	0.0222780928956991
-0.284000000000000	0.0226986277734007
-0.283500000000000	0.0231263401767177
-0.283000000000000	0.0235613369488288
-0.282500000000000	0.0240037262187780
-0.282000000000000	0.0244536174113006
-0.281500000000000	0.0249111212566180
-0.281000000000000	0.0253763498002003
-0.280500000000000	0.0258494164124934
-0.280000000000000	0.0263304357986074
-0.279500000000000	0.0268195240079644
-0.279000000000000	0.0273167984439032
-0.278500000000000	0.0278223778732379
-0.278000000000000	0.0283363824357665
-0.277500000000000	0.0288589336537290
-0.277000000000000	0.0293901544412104
-0.276500000000000	0.0299301691134862
-0.276000000000000	0.0304791033963075
-0.275500000000000	0.0310370844351228
-0.275000000000000	0.0316042408042338
-0.274500000000000	0.0321807025158809
-0.274000000000000	0.0327666010292575
-0.273500000000000	0.0333620692594476
-0.273000000000000	0.0339672415862851
-0.272500000000000	0.0345822538631314
-0.272000000000000	0.0352072434255673
-0.271500000000000	0.0358423490999968
-0.271000000000000	0.0364877112121591
-0.270500000000000	0.0371434715955454
-0.270000000000000	0.0378097735997171
-0.269500000000000	0.0384867620985222
-0.269000000000000	0.0391745834982063
-0.268500000000000	0.0398733857454144
-0.268000000000000	0.0405833183350807
-0.267500000000000	0.0413045323182018
-0.267000000000000	0.0420371803094910
-0.266500000000000	0.0427814164949084
-0.266000000000000	0.0435373966390642
-0.265500000000000	0.0443052780924921
-0.265000000000000	0.0450852197987873
-0.264500000000000	0.0458773823016061
-0.264000000000000	0.0466819277515243
-0.263500000000000	0.0474990199127486
-0.263000000000000	0.0483288241696789
-0.262500000000000	0.0491715075333160
-0.262000000000000	0.0500272386475123
-0.261500000000000	0.0508961877950601
-0.261000000000000	0.0517785269036142
-0.260500000000000	0.0526744295514448
-0.260000000000000	0.0535840709730163
-0.259500000000000	0.0545076280643877
-0.259000000000000	0.0554452793884311
-0.258500000000000	0.0563972051798637
-0.258000000000000	0.0573635873500889
-0.257500000000000	0.0583446094918424
-0.257000000000000	0.0593404568836396
-0.256500000000000	0.0603513164940190
-0.256000000000000	0.0613773769855778
-0.255500000000000	0.0624188287187958
-0.255000000000000	0.0634758637556423
-0.254500000000000	0.0645486758629621
-0.254000000000000	0.0656374605156363
-0.253500000000000	0.0667424148995131
-0.253000000000000	0.0678637379141047
-0.252500000000000	0.0690016301750446
-0.252000000000000	0.0701562940163028
-0.251500000000000	0.0713279334921521
-0.251000000000000	0.0725167543788826
-0.250500000000000	0.0737229641762593
-0.250000000000000	0.0749467721087178
-0.249500000000000	0.0761883891262946
-0.249000000000000	0.0774480279052860
-0.248500000000000	0.0787259028486319
-0.248000000000000	0.0800222300860196
-0.247500000000000	0.0813372274737035
-0.247000000000000	0.0826711145940346
-0.246500000000000	0.0840241127546968
-0.246000000000000	0.0853964449876440
-0.245500000000000	0.0867883360477345
-0.245000000000000	0.0882000124110569
-0.244500000000000	0.0896317022729436
-0.244000000000000	0.0910836355456666
-0.243500000000000	0.0925560438558114
-0.243000000000000	0.0940491605413243
-0.242500000000000	0.0955632206482275
-0.242000000000000	0.0970984609269986
-0.241500000000000	0.0986551198286092
-0.241000000000000	0.100233437500217
-0.240500000000000	0.101833655780510
-0.240000000000000	0.103456018194690
-0.239500000000000	0.105100769949104
-0.239000000000000	0.106768157925509
-0.238500000000000	0.108458430674959
-0.238000000000000	0.110171838411333
-0.237500000000000	0.111908633004474
-0.237000000000000	0.113669067972949
-0.236500000000000	0.115453398476420
-0.236000000000000	0.117261881307625
-0.235500000000000	0.119094774883960
-0.235000000000000	0.120952339238659
-0.234500000000000	0.122834836011574
-0.234000000000000	0.124742528439536
-0.233500000000000	0.126675681346309
-0.233000000000000	0.128634561132118
-0.232500000000000	0.130619435762760
-0.232000000000000	0.132630574758283
-0.231500000000000	0.134668249181231
-0.231000000000000	0.136732731624456
-0.230500000000000	0.138824296198489
-0.230000000000000	0.140943218518458
-0.229500000000000	0.143089775690570
-0.229000000000000	0.145264246298127
-0.228500000000000	0.147466910387087
-0.228000000000000	0.149698049451171
-0.227500000000000	0.151957946416491
-0.227000000000000	0.154246885625717
-0.226500000000000	0.156565152821769
-0.226000000000000	0.158913035131025
-0.225500000000000	0.161290821046058
-0.225000000000000	0.163698800407874
-0.224500000000000	0.166137264387672
-0.224000000000000	0.168606505468107
-0.223500000000000	0.171106817424051
-0.223000000000000	0.173638495302863
-0.222500000000000	0.176201835404149
-0.222000000000000	0.178797135259017
-0.221500000000000	0.181424693608819
-0.221000000000000	0.184084810383383
-0.220500000000000	0.186777786678723
-0.220000000000000	0.189503924734235
-0.219500000000000	0.192263527909361
-0.219000000000000	0.195056900659737
-0.218500000000000	0.197884348512801
-0.218000000000000	0.200746178042874
-0.217500000000000	0.203642696845710
-0.217000000000000	0.206574213512499
-0.216500000000000	0.209541037603337
-0.216000000000000	0.212543479620148
-0.215500000000000	0.215581850979068
-0.215000000000000	0.218656463982271
-0.214500000000000	0.221767631789254
-0.214000000000000	0.224915668387568
-0.213500000000000	0.228100888562989
-0.213000000000000	0.231323607869140
-0.212500000000000	0.234584142596554
-0.212000000000000	0.237882809741173
-0.211500000000000	0.241219926972291
-0.211000000000000	0.244595812599928
-0.210500000000000	0.248010785541649
-0.210000000000000	0.251465165288806
-0.209500000000000	0.254959271872223
-0.209000000000000	0.258493425827306
-0.208500000000000	0.262067948158589
-0.208000000000000	0.265683160303710
-0.207500000000000	0.269339384096809
-0.207000000000000	0.273036941731367
-0.206500000000000	0.276776155722465
-0.206000000000000	0.280557348868470
-0.205500000000000	0.284380844212159
-0.205000000000000	0.288246965001255
-0.204500000000000	0.292156034648407
-0.204000000000000	0.296108376690587
-0.203500000000000	0.300104314747917
-0.203000000000000	0.304144172481927
-0.202500000000000	0.308228273553244
-0.202000000000000	0.312356941578704
-0.201500000000000	0.316530500087899
-0.201000000000000	0.320749272479160
-0.200500000000000	0.325013581974960
-0.200000000000000	0.329323751576767
-0.199500000000000	0.333680104019320
-0.199000000000000	0.338082961724350
-0.198500000000000	0.342532646753733
-0.198000000000000	0.347029480762090
-0.197500000000000	0.351573784948827
-0.197000000000000	0.356165880009620
-0.196500000000000	0.360806086087345
-0.196000000000000	0.365494722722464
-0.195500000000000	0.370232108802858
-0.195000000000000	0.375018562513113
-0.194500000000000	0.379854401283278
-0.194000000000000	0.384739941737063
-0.193500000000000	0.389675499639522
-0.193000000000000	0.394661389844192
-0.192500000000000	0.399697926239709
-0.192000000000000	0.404785421695899
-0.191500000000000	0.409924188009344
-0.191000000000000	0.415114535848444
-0.190500000000000	0.420356774697950
-0.190000000000000	0.425651212803009
-0.189500000000000	0.430998157112689
-0.189000000000000	0.436397913223017
-0.188500000000000	0.441850785319524
-0.188000000000000	0.447357076119294
-0.187500000000000	0.452917086812545
-0.187000000000000	0.458531117003718
-0.186500000000000	0.464199464652110
-0.186000000000000	0.469922426012031
-0.185500000000000	0.475700295572509
-0.185000000000000	0.481533365996538
-0.184500000000000	0.487421928059889
-0.184000000000000	0.493366270589467
-0.183500000000000	0.499366680401255
-0.183000000000000	0.505423442237811
-0.182500000000000	0.511536838705369
-0.182000000000000	0.517707150210512
-0.181500000000000	0.523934654896450
-0.181000000000000	0.530219628578904
-0.180500000000000	0.536562344681599
-0.180000000000000	0.542963074171380
-0.179500000000000	0.549422085492954
-0.179000000000000	0.555939644503275
-0.178500000000000	0.562516014405572
-0.178000000000000	0.569151455683035
-0.177500000000000	0.575846226032161
-0.177000000000000	0.582600580295775
-0.176500000000000	0.589414770395742
-0.176000000000000	0.596289045265357
-0.175500000000000	0.603223650781453
-0.175000000000000	0.610218829696210
-0.174500000000000	0.617274821568692
-0.174000000000000	0.624391862696120
-0.173500000000000	0.631570186044880
-0.173000000000000	0.638810021181293
-0.172500000000000	0.646111594202149
-0.172000000000000	0.653475127665015
-0.171500000000000	0.660900840518330
-0.171000000000000	0.668388948031308
-0.170500000000000	0.675939661723636
-0.170000000000000	0.683553189295011
-0.169500000000000	0.691229734554500
-0.169000000000000	0.698969497349752
-0.168500000000000	0.706772673496068
-0.168000000000000	0.714639454705345
-0.167500000000000	0.722570028514894
-0.167000000000000	0.730564578216173
-0.166500000000000	0.738623282783410
-0.166000000000000	0.746746316802165
-0.165500000000000	0.754933850397821
-0.165000000000000	0.763186049164026
-0.164500000000000	0.771503074091097
-0.164000000000000	0.779885081494407
-0.163500000000000	0.788332222942758
-0.163000000000000	0.796844645186762
-0.162500000000000	0.805422490087239
-0.162000000000000	0.814065894543657
-0.161500000000000	0.822774990422610
-0.161000000000000	0.831549904486366
-0.160500000000000	0.840390758321495
-0.160000000000000	0.849297668267584
-0.159500000000000	0.858270745346067
-0.159000000000000	0.867310095189176
-0.158500000000000	0.876415817969026
-0.158000000000000	0.885588008326869
-0.157500000000000	0.894826755302501
-0.157000000000000	0.904132142263868
-0.156500000000000	0.913504246836869
-0.156000000000000	0.922943140835379
-0.155500000000000	0.932448890191500
-0.155000000000000	0.942021554886076
-0.154500000000000	0.951661188879458
-0.154000000000000	0.961367840042569
-0.153500000000000	0.971141550088256
-0.153000000000000	0.980982354502965
-0.152500000000000	0.990890282478750
-0.152000000000000	1.00086535684563
-0.151500000000000	1.01090759400431
-0.151000000000000	1.02101700385930
-0.150500000000000	1.03119358975242
-0.150000000000000	1.04143734839672
-0.149500000000000	1.05174826981087
-0.149000000000000	1.06212633725396
-0.148500000000000	1.07257152716078
-0.148000000000000	1.08308380907764
-0.147500000000000	1.09366314559861
-0.147000000000000	1.10430949230235
-0.146500000000000	1.11502279768945
-0.146000000000000	1.12580300312036
-0.145500000000000	1.13665004275382
-0.145000000000000	1.14756384348602
-0.144500000000000	1.15854432489021
-0.144000000000000	1.16959139915708
-0.143500000000000	1.18070497103570
-0.143000000000000	1.19188493777515
-0.142500000000000	1.20313118906687
-0.142000000000000	1.21444360698766
-0.141500000000000	1.22582206594341
-0.141000000000000	1.23726643261359
-0.140500000000000	1.24877656589649
-0.140000000000000	1.26035231685523
-0.139500000000000	1.27199352866453
-0.139000000000000	1.28370003655834
-0.138500000000000	1.29547166777830
-0.138000000000000	1.30730824152295
-0.137500000000000	1.31920956889795
-0.137000000000000	1.33117545286705
-0.136500000000000	1.34320568820405
-0.136000000000000	1.35530006144560
-0.135500000000000	1.36745835084502
-0.135000000000000	1.37968032632698
-0.134500000000000	1.39196574944322
-0.134000000000000	1.40431437332922
-0.133500000000000	1.41672594266187
-0.133000000000000	1.42920019361823
-0.132500000000000	1.44173685383519
-0.132000000000000	1.45433564237033
-0.131500000000000	1.46699626966378
-0.131000000000000	1.47971843750118
-0.130500000000000	1.49250183897771
-0.130000000000000	1.50534615846337
-0.129500000000000	1.51825107156920
-0.129000000000000	1.53121624511487
-0.128500000000000	1.54424133709726
-0.128000000000000	1.55732599666037
-0.127500000000000	1.57046986406633
-0.127000000000000	1.58367257066770
-0.126500000000000	1.59693373888099
-0.126000000000000	1.61025298216140
-0.125500000000000	1.62362990497888
-0.125000000000000	1.63706410279543
-0.124500000000000	1.65055516204372
-0.124000000000000	1.66410266010704
-0.123500000000000	1.67770616530053
-0.123000000000000	1.69136523685381
-0.122500000000000	1.70507942489490
-0.122000000000000	1.71884827043563
-0.121500000000000	1.73267130535826
-0.121000000000000	1.74654805240368
-0.120500000000000	1.76047802516090
-0.120000000000000	1.77446072805804
-0.119500000000000	1.78849565635469
-0.119000000000000	1.80258229613581
-0.118500000000000	1.81672012430703
-0.118000000000000	1.83090860859143
-0.117500000000000	1.84514720752786
-0.117000000000000	1.85943537047072
-0.116500000000000	1.87377253759129
-0.116000000000000	1.88815813988051
-0.115500000000000	1.90259159915341
-0.115000000000000	1.91707232805501
-0.114500000000000	1.93159973006778
-0.114000000000000	1.94617319952073
-0.113500000000000	1.96079212160000
-0.113000000000000	1.97545587236111
-0.112500000000000	1.99016381874274
-0.112000000000000	2.00491531858223
-0.111500000000000	2.01970972063253
-0.111000000000000	2.03454636458094
-0.110500000000000	2.04942458106939
-0.110000000000000	2.06434369171641
-0.109500000000000	2.07930300914069
-0.109000000000000	2.09430183698636
-0.108500000000000	2.10933946994993
-0.108000000000000	2.12441519380885
-0.107500000000000	2.13952828545179
-0.107000000000000	2.15467801291059
-0.106500000000000	2.16986363539395
-0.106000000000000	2.18508440332271
-0.105500000000000	2.20033955836689
-0.105000000000000	2.21562833348450
-0.104500000000000	2.23094995296193
-0.104000000000000	2.24630363245614
-0.103500000000000	2.26168857903854
-0.103000000000000	2.27710399124059
-0.102500000000000	2.29254905910113
-0.102000000000000	2.30802296421544
-0.101500000000000	2.32352487978598
-0.101000000000000	2.33905397067494
-0.100500000000000	2.35460939345845
-0.0999999999999996	2.37019029648255
-0.0994999999999996	2.38579581992089
-0.0989999999999996	2.40142509583415
-0.0984999999999996	2.41707724823121
-0.0979999999999996	2.43275139313205
-0.0974999999999996	2.44844663863234
-0.0969999999999996	2.46416208496979
-0.0964999999999996	2.47989682459225
-0.0959999999999996	2.49564994222750
-0.0954999999999996	2.51142051495474
-0.0949999999999996	2.52720761227782
-0.0944999999999996	2.54301029620025
-0.0939999999999996	2.55882762130178
-0.0934999999999996	2.57465863481680
-0.0929999999999996	2.59050237671442
-0.0924999999999996	2.60635787978018
-0.0919999999999996	2.62222416969955
-0.0914999999999996	2.63810026514301
-0.0909999999999996	2.65398517785293
-0.0904999999999996	2.66987791273194
-0.0899999999999996	2.68577746793320
-0.0894999999999996	2.70168283495209
-0.0889999999999996	2.71759299871970
-0.0884999999999996	2.73350693769791
-0.0879999999999996	2.74942362397608
-0.0874999999999996	2.76534202336939
-0.0869999999999996	2.78126109551878
-0.0864999999999996	2.79717979399248
-0.0859999999999996	2.81309706638912
-0.0854999999999996	2.82901185444246
-0.0849999999999996	2.84492309412760
-0.0844999999999996	2.86082971576888
-0.0839999999999996	2.87673064414915
-0.0834999999999996	2.89262479862072
-0.0829999999999996	2.90851109321772
-0.0824999999999996	2.92438843677002
-0.0819999999999996	2.94025573301858
-0.0814999999999996	2.95611188073236
-0.0809999999999996	2.97195577382659
-0.0804999999999996	2.98778630148252
-0.0799999999999996	3.00360234826861
-0.0794999999999996	3.01940279426313
-0.0789999999999996	3.03518651517810
-0.0784999999999996	3.05095238248464
-0.0779999999999996	3.06669926353972
-0.0774999999999996	3.08242602171417
-0.0769999999999996	3.09813151652203
-0.0764999999999996	3.11381460375126
-0.0759999999999996	3.12947413559566
-0.0754999999999996	3.14510896078808
-0.0749999999999996	3.16071792473490
-0.0744999999999996	3.17629986965166
-0.0739999999999996	3.19185363470000
-0.0734999999999996	3.20737805612567
-0.0729999999999996	3.22287196739775
-0.0724999999999996	3.23833419934905
-0.0719999999999996	3.25376358031753
-0.0714999999999996	3.26915893628887
-0.0709999999999996	3.28451909104015
-0.0704999999999996	3.29984286628447
-0.0699999999999996	3.31512908181666
-0.0694999999999996	3.33037655566001
-0.0689999999999996	3.34558410421394
-0.0684999999999996	3.36075054240256
-0.0679999999999996	3.37587468382430
-0.0674999999999996	3.39095534090231
-0.0669999999999996	3.40599132503579
-0.0664999999999996	3.42098144675213
-0.0659999999999996	3.43592451585996
-0.0654999999999996	3.45081934160285
-0.0649999999999996	3.46566473281392
-0.0644999999999996	3.48045949807111
-0.0639999999999996	3.49520244585318
-0.0634999999999996	3.50989238469638
-0.0629999999999996	3.52452812335183
-0.0624999999999996	3.53910847094345
-0.0619999999999996	3.55363223712657
-0.0614999999999996	3.56809823224704
-0.0609999999999996	3.58250526750093
-0.0604999999999996	3.59685215509474
-0.0599999999999996	3.61113770840604
-0.0594999999999996	3.62536074214466
-0.0589999999999996	3.63952007251418
-0.0584999999999996	3.65361451737393
-0.0579999999999996	3.66764289640130
-0.0574999999999996	3.68160403125433
-0.0569999999999996	3.69549674573471
-0.0564999999999996	3.70931986595099
-0.0559999999999996	3.72307222048199
-0.0554999999999996	3.73675264054049
-0.0549999999999996	3.75035996013707
-0.0544999999999996	3.76389301624405
-0.0539999999999996	3.77735064895964
-0.0534999999999996	3.79073170167205
-0.0529999999999996	3.80403502122375
-0.0524999999999996	3.81725945807566
-0.0519999999999996	3.83040386647142
-0.0514999999999996	3.84346710460151
-0.0509999999999996	3.85644803476736
-0.0504999999999996	3.86934552354528
-0.0499999999999996	3.88215844195034
-0.0494999999999996	3.89488566559996
-0.0489999999999996	3.90752607487737
-0.0484999999999996	3.92007855509476
-0.0479999999999996	3.93254199665620
-0.0474999999999996	3.94491529522022
-0.0469999999999996	3.95719735186205
-0.0464999999999996	3.96938707323550
-0.0459999999999996	3.98148337173437
-0.0454999999999996	3.99348516565349
-0.0449999999999996	4.00539137934925
-0.0444999999999996	4.01720094339956
-0.0439999999999996	4.02891279476339
-0.0434999999999996	4.04052587693962
-0.0429999999999996	4.05203914012530
-0.0424999999999996	4.06345154137333
-0.0419999999999996	4.07476204474940
-0.0414999999999996	4.08596962148823
-0.0409999999999996	4.09707325014906
-0.0404999999999996	4.10807191677041
-0.0399999999999996	4.11896461502399
-0.0394999999999996	4.12975034636773
-0.0389999999999996	4.14042812019807
-0.0384999999999996	4.15099695400119
-0.0379999999999996	4.16145587350337
-0.0374999999999996	4.17180391282043
-0.0369999999999996	4.18204011460605
-0.0364999999999996	4.19216353019917
-0.0359999999999996	4.20217321977026
-0.0354999999999996	4.21206825246648
-0.0349999999999996	4.22184770655577
-0.0344999999999996	4.23151066956975
-0.0339999999999996	4.24105623844538
-0.0334999999999996	4.25048351966552
-0.0329999999999996	4.25979162939808
-0.0324999999999996	4.26897969363402
-0.0319999999999996	4.27804684832397
-0.0314999999999996	4.28699223951353
-0.0309999999999996	4.29581502347717
-0.0304999999999996	4.30451436685078
-0.0299999999999996	4.31308944676273
-0.0294999999999996	4.32153945096349
-0.0289999999999996	4.32986357795381
-0.0284999999999996	4.33806103711131
-0.0279999999999996	4.34613104881557
-0.0274999999999996	4.35407284457161
-0.0269999999999996	4.36188566713183
-0.0264999999999996	4.36956877061629
-0.0259999999999996	4.37712142063129
-0.0254999999999996	4.38454289438637
-0.0249999999999996	4.39183248080952
-0.0244999999999996	4.39898948066067
-0.0239999999999996	4.40601320664349
-0.0234999999999996	4.41290298351532
-0.0229999999999996	4.41965814819535
-0.0224999999999996	4.42627804987094
-0.0219999999999996	4.43276205010210
-0.0214999999999996	4.43910952292409
-0.0209999999999996	4.44531985494811
-0.0204999999999996	4.45139244546009
-0.0199999999999996	4.45732670651750
-0.0194999999999996	4.46312206304422
-0.0189999999999996	4.46877795292338
-0.0184999999999996	4.47429382708826
-0.0179999999999996	4.47966914961109
-0.0174999999999996	4.48490339778984
-0.0169999999999996	4.48999606223291
-0.0164999999999996	4.49494664694175
-0.0159999999999996	4.49975466939140
-0.0154999999999996	4.50441966060879
-0.0149999999999996	4.50894116524907
-0.0144999999999996	4.51331874166960
-0.0139999999999996	4.51755196200189
-0.0134999999999996	4.52164041222130
-0.0129999999999996	4.52558369221449
-0.0124999999999996	4.52938141584470
-0.0119999999999996	4.53303321101477
-0.0114999999999996	4.53653871972791
-0.0109999999999996	4.53989759814616
-0.0104999999999996	4.54310951664662
-0.00999999999999957	4.54617415987537
-0.00949999999999956	4.54909122679903
-0.00899999999999956	4.55186043075411
-0.00849999999999956	4.55448149949389
-0.00799999999999956	4.55695417523307
-0.00749999999999956	4.55927821469002
-0.00699999999999956	4.56145338912667
-0.00649999999999956	4.56347948438601
-0.00599999999999956	4.56535630092727
-0.00549999999999956	4.56708365385865
-0.00499999999999956	4.56866137296766
-0.00449999999999956	4.57008930274912
-0.00399999999999956	4.57136730243066
-0.00349999999999956	4.57249524599588
-0.00299999999999956	4.57347302220504
-0.00249999999999956	4.57430053461335
-0.00199999999999956	4.57497770158683
-0.00149999999999956	4.57550445631574
-0.000999999999999559	4.57588074682552
-0.000499999999999559	4.57610653598541
4.40619762898109e-16	4.57618180151450
0.000500000000000441	4.57610653598541
0.00100000000000044	4.57588074682552
0.00150000000000044	4.57550445631574
0.00200000000000044	4.57497770158683
0.00250000000000044	4.57430053461335
0.00300000000000044	4.57347302220504
0.00350000000000044	4.57249524599588
0.00400000000000044	4.57136730243066
0.00450000000000044	4.57008930274912
0.00500000000000044	4.56866137296766
0.00550000000000044	4.56708365385865
0.00600000000000044	4.56535630092727
0.00650000000000044	4.56347948438601
0.00700000000000044	4.56145338912667
0.00750000000000044	4.55927821469002
0.00800000000000044	4.55695417523307
0.00850000000000045	4.55448149949389
0.00900000000000045	4.55186043075411
0.00950000000000045	4.54909122679903
0.0100000000000004	4.54617415987536
0.0105000000000004	4.54310951664662
0.0110000000000004	4.53989759814615
0.0115000000000004	4.53653871972790
0.0120000000000004	4.53303321101476
0.0125000000000004	4.52938141584469
0.0130000000000004	4.52558369221448
0.0135000000000005	4.52164041222129
0.0140000000000005	4.51755196200188
0.0145000000000005	4.51331874166959
0.0150000000000005	4.50894116524906
0.0155000000000005	4.50441966060878
0.0160000000000005	4.49975466939139
0.0165000000000005	4.49494664694174
0.0170000000000005	4.48999606223290
0.0175000000000005	4.48490339778983
0.0180000000000005	4.47966914961108
0.0185000000000005	4.47429382708825
0.0190000000000005	4.46877795292337
0.0195000000000005	4.46312206304421
0.0200000000000005	4.45732670651749
0.0205000000000005	4.45139244546008
0.0210000000000005	4.44531985494810
0.0215000000000005	4.43910952292407
0.0220000000000005	4.43276205010209
0.0225000000000005	4.42627804987093
0.0230000000000005	4.41965814819534
0.0235000000000005	4.41290298351531
0.0240000000000005	4.40601320664348
0.0245000000000005	4.39898948066066
0.0250000000000005	4.39183248080950
0.0255000000000005	4.38454289438636
0.0260000000000005	4.37712142063128
0.0265000000000005	4.36956877061628
0.0270000000000005	4.36188566713182
0.0275000000000005	4.35407284457159
0.0280000000000005	4.34613104881555
0.0285000000000005	4.33806103711130
0.0290000000000005	4.32986357795380
0.0295000000000005	4.32153945096347
0.0300000000000005	4.31308944676271
0.0305000000000005	4.30451436685077
0.0310000000000005	4.29581502347716
0.0315000000000005	4.28699223951351
0.0320000000000005	4.27804684832396
0.0325000000000005	4.26897969363400
0.0330000000000005	4.25979162939806
0.0335000000000005	4.25048351966550
0.0340000000000005	4.24105623844537
0.0345000000000005	4.23151066956973
0.0350000000000005	4.22184770655575
0.0355000000000005	4.21206825246646
0.0360000000000005	4.20217321977024
0.0365000000000005	4.19216353019916
0.0370000000000005	4.18204011460603
0.0375000000000005	4.17180391282041
0.0380000000000005	4.16145587350335
0.0385000000000005	4.15099695400117
0.0390000000000005	4.14042812019805
0.0395000000000005	4.12975034636771
0.0400000000000005	4.11896461502397
0.0405000000000005	4.10807191677039
0.0410000000000005	4.09707325014904
0.0415000000000005	4.08596962148821
0.0420000000000005	4.07476204474938
0.0425000000000005	4.06345154137331
0.0430000000000005	4.05203914012528
0.0435000000000005	4.04052587693959
0.0440000000000005	4.02891279476337
0.0445000000000005	4.01720094339954
0.0450000000000005	4.00539137934923
0.0455000000000005	3.99348516565347
0.0460000000000005	3.98148337173435
0.0465000000000005	3.96938707323548
0.0470000000000005	3.95719735186203
0.0475000000000005	3.94491529522020
0.0480000000000005	3.93254199665618
0.0485000000000005	3.92007855509474
0.0490000000000005	3.90752607487735
0.0495000000000005	3.89488566559994
0.0500000000000005	3.88215844195031
0.0505000000000005	3.86934552354525
0.0510000000000005	3.85644803476733
0.0515000000000005	3.84346710460149
0.0520000000000005	3.83040386647140
0.0525000000000005	3.81725945807564
0.0530000000000005	3.80403502122372
0.0535000000000005	3.79073170167203
0.0540000000000005	3.77735064895962
0.0545000000000005	3.76389301624403
0.0550000000000005	3.75035996013704
0.0555000000000005	3.73675264054047
0.0560000000000005	3.72307222048197
0.0565000000000005	3.70931986595097
0.0570000000000005	3.69549674573469
0.0575000000000005	3.68160403125430
0.0580000000000005	3.66764289640127
0.0585000000000005	3.65361451737391
0.0590000000000005	3.63952007251415
0.0595000000000005	3.62536074214463
0.0600000000000005	3.61113770840602
0.0605000000000005	3.59685215509471
0.0610000000000005	3.58250526750091
0.0615000000000005	3.56809823224701
0.0620000000000005	3.55363223712654
0.0625000000000005	3.53910847094343
0.0630000000000005	3.52452812335180
0.0635000000000005	3.50989238469636
0.0640000000000005	3.49520244585315
0.0645000000000005	3.48045949807109
0.0650000000000005	3.46566473281389
0.0655000000000005	3.45081934160282
0.0660000000000005	3.43592451585993
0.0665000000000005	3.42098144675211
0.0670000000000005	3.40599132503576
0.0675000000000005	3.39095534090229
0.0680000000000005	3.37587468382427
0.0685000000000005	3.36075054240253
0.0690000000000005	3.34558410421391
0.0695000000000005	3.33037655565999
0.0700000000000005	3.31512908181663
0.0705000000000005	3.29984286628444
0.0710000000000005	3.28451909104013
0.0715000000000005	3.26915893628885
0.0720000000000005	3.25376358031750
0.0725000000000005	3.23833419934903
0.0730000000000005	3.22287196739773
0.0735000000000005	3.20737805612564
0.0740000000000005	3.19185363469998
0.0745000000000005	3.17629986965164
0.0750000000000005	3.16071792473487
0.0755000000000005	3.14510896078805
0.0760000000000005	3.12947413559563
0.0765000000000005	3.11381460375123
0.0770000000000005	3.09813151652200
0.0775000000000005	3.08242602171414
0.0780000000000005	3.06669926353970
0.0785000000000005	3.05095238248461
0.0790000000000005	3.03518651517807
0.0795000000000005	3.01940279426311
0.0800000000000005	3.00360234826859
0.0805000000000005	2.98778630148249
0.0810000000000005	2.97195577382656
0.0815000000000005	2.95611188073234
0.0820000000000005	2.94025573301855
0.0825000000000005	2.92438843676999
0.0830000000000005	2.90851109321770
0.0835000000000005	2.89262479862070
0.0840000000000005	2.87673064414913
0.0845000000000005	2.86082971576885
0.0850000000000005	2.84492309412757
0.0855000000000005	2.82901185444243
0.0860000000000005	2.81309706638910
0.0865000000000005	2.79717979399245
0.0870000000000005	2.78126109551876
0.0875000000000005	2.76534202336936
0.0880000000000005	2.74942362397605
0.0885000000000005	2.73350693769788
0.0890000000000005	2.71759299871967
0.0895000000000005	2.70168283495206
0.0900000000000005	2.68577746793317
0.0905000000000005	2.66987791273192
0.0910000000000005	2.65398517785290
0.0915000000000005	2.63810026514299
0.0920000000000005	2.62222416969952
0.0925000000000005	2.60635787978015
0.0930000000000005	2.59050237671439
0.0935000000000005	2.57465863481677
0.0940000000000005	2.55882762130175
0.0945000000000005	2.54301029620022
0.0950000000000005	2.52720761227779
0.0955000000000005	2.51142051495471
0.0960000000000005	2.49564994222748
0.0965000000000005	2.47989682459223
0.0970000000000005	2.46416208496976
0.0975000000000005	2.44844663863231
0.0980000000000005	2.43275139313203
0.0985000000000005	2.41707724823119
0.0990000000000005	2.40142509583412
0.0995000000000005	2.38579581992086
0.100000000000001	2.37019029648252
0.100500000000001	2.35460939345842
0.101000000000001	2.33905397067491
0.101500000000001	2.32352487978595
0.102000000000001	2.30802296421541
0.102500000000001	2.29254905910110
0.103000000000001	2.27710399124056
0.103500000000001	2.26168857903851
0.104000000000001	2.24630363245611
0.104500000000001	2.23094995296191
0.105000000000001	2.21562833348448
0.105500000000001	2.20033955836686
0.106000000000001	2.18508440332268
0.106500000000001	2.16986363539393
0.107000000000001	2.15467801291057
0.107500000000001	2.13952828545176
0.108000000000001	2.12441519380882
0.108500000000001	2.10933946994991
0.109000000000001	2.09430183698634
0.109500000000001	2.07930300914066
0.110000000000001	2.06434369171638
0.110500000000001	2.04942458106937
0.111000000000001	2.03454636458091
0.111500000000001	2.01970972063250
0.112000000000001	2.00491531858220
0.112500000000001	1.99016381874272
0.113000000000001	1.97545587236108
0.113500000000001	1.96079212159997
0.114000000000001	1.94617319952070
0.114500000000001	1.93159973006776
0.115000000000001	1.91707232805498
0.115500000000001	1.90259159915338
0.116000000000001	1.88815813988048
0.116500000000001	1.87377253759126
0.117000000000001	1.85943537047070
0.117500000000001	1.84514720752783
0.118000000000001	1.83090860859140
0.118500000000001	1.81672012430701
0.119000000000001	1.80258229613579
0.119500000000001	1.78849565635467
0.120000000000001	1.77446072805801
0.120500000000001	1.76047802516088
0.121000000000001	1.74654805240365
0.121500000000001	1.73267130535823
0.122000000000001	1.71884827043560
0.122500000000001	1.70507942489488
0.123000000000001	1.69136523685378
0.123500000000001	1.67770616530051
0.124000000000001	1.66410266010702
0.124500000000001	1.65055516204370
0.125000000000001	1.63706410279540
0.125500000000001	1.62362990497885
0.126000000000001	1.61025298216137
0.126500000000001	1.59693373888096
0.127000000000001	1.58367257066768
0.127500000000001	1.57046986406630
0.128000000000001	1.55732599666035
0.128500000000001	1.54424133709724
0.129000000000001	1.53121624511485
0.129500000000001	1.51825107156918
0.130000000000001	1.50534615846335
0.130500000000001	1.49250183897769
0.131000000000001	1.47971843750115
0.131500000000001	1.46699626966376
0.132000000000001	1.45433564237031
0.132500000000001	1.44173685383516
0.133000000000001	1.42920019361821
0.133500000000001	1.41672594266185
0.134000000000001	1.40431437332919
0.134500000000001	1.39196574944320
0.135000000000001	1.37968032632696
0.135500000000001	1.36745835084500
0.136000000000001	1.35530006144558
0.136500000000001	1.34320568820403
0.137000000000001	1.33117545286703
0.137500000000001	1.31920956889793
0.138000000000001	1.30730824152293
0.138500000000001	1.29547166777828
0.139000000000001	1.28370003655832
0.139500000000001	1.27199352866451
0.140000000000001	1.26035231685521
0.140500000000001	1.24877656589647
0.141000000000001	1.23726643261357
0.141500000000001	1.22582206594339
0.142000000000001	1.21444360698764
0.142500000000001	1.20313118906685
0.143000000000001	1.19188493777513
0.143500000000001	1.18070497103568
0.144000000000001	1.16959139915706
0.144500000000001	1.15854432489019
0.145000000000001	1.14756384348600
0.145500000000001	1.13665004275380
0.146000000000001	1.12580300312034
0.146500000000001	1.11502279768944
0.147000000000001	1.10430949230233
0.147500000000001	1.09366314559859
0.148000000000001	1.08308380907762
0.148500000000001	1.07257152716076
0.149000000000001	1.06212633725394
0.149500000000001	1.05174826981086
0.150000000000001	1.04143734839671
0.150500000000001	1.03119358975240
0.151000000000001	1.02101700385929
0.151500000000001	1.01090759400429
0.152000000000001	1.00086535684561
0.152500000000001	0.990890282478733
0.153000000000001	0.980982354502948
0.153500000000001	0.971141550088239
0.154000000000001	0.961367840042553
0.154500000000001	0.951661188879441
0.155000000000001	0.942021554886059
0.155500000000001	0.932448890191484
0.156000000000001	0.922943140835362
0.156500000000001	0.913504246836853
0.157000000000001	0.904132142263852
0.157500000000001	0.894826755302485
0.158000000000001	0.885588008326853
0.158500000000001	0.876415817969010
0.159000000000001	0.867310095189160
0.159500000000001	0.858270745346052
0.160000000000001	0.849297668267569
0.160500000000001	0.840390758321480
0.161000000000001	0.831549904486351
0.161500000000001	0.822774990422595
0.162000000000001	0.814065894543642
0.162500000000001	0.805422490087224
0.163000000000001	0.796844645186747
0.163500000000001	0.788332222942744
0.164000000000001	0.779885081494393
0.164500000000001	0.771503074091083
0.165000000000001	0.763186049164012
0.165500000000001	0.754933850397807
0.166000000000001	0.746746316802151
0.166500000000001	0.738623282783396
0.167000000000001	0.730564578216159
0.167500000000001	0.722570028514881
0.168000000000001	0.714639454705331
0.168500000000001	0.706772673496055
0.169000000000001	0.698969497349738
0.169500000000001	0.691229734554486
0.170000000000001	0.683553189294998
0.170500000000001	0.675939661723623
0.171000000000001	0.668388948031295
0.171500000000001	0.660900840518317
0.172000000000001	0.653475127665002
0.172500000000001	0.646111594202137
0.173000000000001	0.638810021181281
0.173500000000001	0.631570186044867
0.174000000000001	0.624391862696108
0.174500000000001	0.617274821568680
0.175000000000001	0.610218829696197
0.175500000000001	0.603223650781441
0.176000000000001	0.596289045265345
0.176500000000001	0.589414770395730
0.177000000000001	0.582600580295764
0.177500000000001	0.575846226032149
0.178000000000001	0.569151455683024
0.178500000000001	0.562516014405561
0.179000000000001	0.555939644503263
0.179500000000001	0.549422085492942
0.180000000000001	0.542963074171369
0.180500000000001	0.536562344681589
0.181000000000001	0.530219628578893
0.181500000000001	0.523934654896439
0.182000000000001	0.517707150210501
0.182500000000001	0.511536838705359
0.183000000000001	0.505423442237801
0.183500000000001	0.499366680401244
0.184000000000001	0.493366270589457
0.184500000000001	0.487421928059878
0.185000000000001	0.481533365996528
0.185500000000001	0.475700295572498
0.186000000000001	0.469922426012021
0.186500000000001	0.464199464652100
0.187000000000001	0.458531117003708
0.187500000000001	0.452917086812535
0.188000000000001	0.447357076119285
0.188500000000001	0.441850785319514
0.189000000000001	0.436397913223008
0.189500000000001	0.430998157112680
0.190000000000001	0.425651212803000
0.190500000000001	0.420356774697941
0.191000000000001	0.415114535848434
0.191500000000001	0.409924188009335
0.192000000000001	0.404785421695890
0.192500000000001	0.399697926239700
0.193000000000001	0.394661389844183
0.193500000000001	0.389675499639513
0.194000000000001	0.384739941737054
0.194500000000001	0.379854401283269
0.195000000000001	0.375018562513105
0.195500000000001	0.370232108802849
0.196000000000001	0.365494722722456
0.196500000000001	0.360806086087337
0.197000000000001	0.356165880009612
0.197500000000001	0.351573784948819
0.198000000000001	0.347029480762082
0.198500000000001	0.342532646753725
0.199000000000001	0.338082961724342
0.199500000000001	0.333680104019313
0.200000000000001	0.329323751576759
0.200500000000001	0.325013581974953
0.201000000000001	0.320749272479152
0.201500000000001	0.316530500087892
0.202000000000001	0.312356941578697
0.202500000000001	0.308228273553237
0.203000000000001	0.304144172481920
0.203500000000001	0.300104314747910
0.204000000000001	0.296108376690580
0.204500000000001	0.292156034648401
0.205000000000001	0.288246965001249
0.205500000000001	0.284380844212152
0.206000000000001	0.280557348868464
0.206500000000001	0.276776155722458
0.207000000000001	0.273036941731361
0.207500000000001	0.269339384096803
0.208000000000001	0.265683160303704
0.208500000000001	0.262067948158583
0.209000000000001	0.258493425827300
0.209500000000001	0.254959271872217
0.210000000000001	0.251465165288800
0.210500000000001	0.248010785541643
0.211000000000001	0.244595812599922
0.211500000000001	0.241219926972285
0.212000000000001	0.237882809741167
0.212500000000001	0.234584142596548
0.213000000000001	0.231323607869134
0.213500000000001	0.228100888562983
0.214000000000001	0.224915668387563
0.214500000000001	0.221767631789249
0.215000000000001	0.218656463982266
0.215500000000001	0.215581850979063
0.216000000000001	0.212543479620143
0.216500000000001	0.209541037603332
0.217000000000001	0.206574213512494
0.217500000000001	0.203642696845705
0.218000000000001	0.200746178042869
0.218500000000001	0.197884348512796
0.219000000000001	0.195056900659732
0.219500000000001	0.192263527909356
0.220000000000001	0.189503924734230
0.220500000000001	0.186777786678718
0.221000000000001	0.184084810383378
0.221500000000001	0.181424693608815
0.222000000000001	0.178797135259013
0.222500000000001	0.176201835404145
0.223000000000001	0.173638495302859
0.223500000000001	0.171106817424046
0.224000000000001	0.168606505468103
0.224500000000001	0.166137264387668
0.225000000000001	0.163698800407870
0.225500000000001	0.161290821046054
0.226000000000001	0.158913035131021
0.226500000000001	0.156565152821765
0.227000000000001	0.154246885625713
0.227500000000001	0.151957946416487
0.228000000000001	0.149698049451167
0.228500000000001	0.147466910387083
0.229000000000001	0.145264246298123
0.229500000000001	0.143089775690566
0.230000000000001	0.140943218518454
0.230500000000001	0.138824296198485
0.231000000000001	0.136732731624453
0.231500000000001	0.134668249181228
0.232000000000001	0.132630574758280
0.232500000000001	0.130619435762757
0.233000000000001	0.128634561132114
0.233500000000001	0.126675681346306
0.234000000000001	0.124742528439533
0.234500000000001	0.122834836011571
0.235000000000001	0.120952339238656
0.235500000000001	0.119094774883957
0.236000000000001	0.117261881307622
0.236500000000001	0.115453398476417
0.237000000000001	0.113669067972946
0.237500000000001	0.111908633004471
0.238000000000001	0.110171838411330
0.238500000000001	0.108458430674956
0.239000000000001	0.106768157925506
0.239500000000001	0.105100769949102
0.240000000000001	0.103456018194687
0.240500000000001	0.101833655780507
0.241000000000001	0.100233437500215
0.241500000000001	0.0986551198286065
0.242000000000001	0.0970984609269960
0.242500000000001	0.0955632206482248
0.243000000000001	0.0940491605413217
0.243500000000001	0.0925560438558089
0.244000000000001	0.0910836355456640
0.244500000000001	0.0896317022729411
0.245000000000001	0.0882000124110544
0.245500000000001	0.0867883360477321
0.246000000000001	0.0853964449876416
0.246500000000001	0.0840241127546944
0.247000000000001	0.0826711145940323
0.247500000000001	0.0813372274737012
0.248000000000001	0.0800222300860173
0.248500000000001	0.0787259028486296
0.249000000000001	0.0774480279052838
0.249500000000001	0.0761883891262925
0.250000000000001	0.0749467721087157
0.250500000000001	0.0737229641762572
0.251000000000001	0.0725167543788806
0.251500000000001	0.0713279334921501
0.252000000000001	0.0701562940163009
0.252500000000001	0.0690016301750427
0.253000000000001	0.0678637379141028
0.253500000000001	0.0667424148995112
0.254000000000001	0.0656374605156345
0.254500000000001	0.0645486758629603
0.255000000000001	0.0634758637556405
0.255500000000001	0.0624188287187940
0.256000000000001	0.0613773769855760
0.256500000000001	0.0603513164940173
0.257000000000001	0.0593404568836379
0.257500000000001	0.0583446094918408
0.258000000000001	0.0573635873500873
0.258500000000001	0.0563972051798621
0.259000000000001	0.0554452793884295
0.259500000000001	0.0545076280643861
0.260000000000001	0.0535840709730148
0.260500000000001	0.0526744295514433
0.261000000000001	0.0517785269036127
0.261500000000001	0.0508961877950586
0.262000000000001	0.0500272386475108
0.262500000000001	0.0491715075333146
0.263000000000001	0.0483288241696775
0.263500000000001	0.0474990199127472
0.264000000000001	0.0466819277515229
0.264500000000001	0.0458773823016048
0.265000000000001	0.0450852197987860
0.265500000000001	0.0443052780924908
0.266000000000001	0.0435373966390629
0.266500000000001	0.0427814164949071
0.267000000000001	0.0420371803094898
0.267500000000001	0.0413045323182006
0.268000000000001	0.0405833183350795
0.268500000000001	0.0398733857454131
0.269000000000001	0.0391745834982051
0.269500000000001	0.0384867620985211
0.270000000000001	0.0378097735997160
0.270500000000001	0.0371434715955443
0.271000000000001	0.0364877112121580
0.271500000000001	0.0358423490999957
0.272000000000001	0.0352072434255662
0.272500000000001	0.0345822538631304
0.273000000000001	0.0339672415862841
0.273500000000001	0.0333620692594466
0.274000000000001	0.0327666010292565
0.274500000000001	0.0321807025158799
0.275000000000001	0.0316042408042328
0.275500000000001	0.0310370844351219
0.276000000000001	0.0304791033963066
0.276500000000001	0.0299301691134853
0.277000000000001	0.0293901544412095
0.277500000000001	0.0288589336537281
0.278000000000001	0.0283363824357656
0.278500000000001	0.0278223778732371
0.279000000000001	0.0273167984439024
0.279500000000001	0.0268195240079635
0.280000000000001	0.0263304357986066
0.280500000000001	0.0258494164124927
0.281000000000001	0.0253763498001995
0.281500000000001	0.0249111212566172
0.282000000000001	0.0244536174112999
0.282500000000001	0.0240037262187773
0.283000000000001	0.0235613369488280
0.283500000000001	0.0231263401767170
0.284000000000001	0.0226986277734000
0.284500000000001	0.0222780928956984
0.285000000000001	0.0218646299764448
0.285500000000001	0.0214581347146041
0.286000000000001	0.0210585040653712
0.286500000000001	0.0206656362302476
0.287000000000001	0.0202794306471003
0.287500000000001	0.0198997879802036
0.288000000000001	0.0195266101102678
0.288500000000001	0.0191598001244561
0.289000000000001	0.0187992623063914
0.289500000000001	0.0184449021261568
0.290000000000001	0.0180966262302895
0.290500000000001	0.0177543424317728
0.291000000000001	0.0174179597000258
0.291500000000001	0.0170873881508944
0.292000000000001	0.0167625390366451
0.292500000000001	0.0164433247359632
0.293000000000001	0.0161296587439573
0.293500000000001	0.0158214556621728
0.294000000000001	0.0155186311886146
0.294500000000001	0.0152211021077824
0.295000000000001	0.0149287862807191
0.295500000000001	0.0146416026350749
0.296000000000001	0.0143594711551881
0.296500000000001	0.0140823128721841
0.297000000000001	0.0138100498540954
0.297500000000001	0.0135426051960023
0.298000000000001	0.0132799030101971
0.298500000000001	0.0130218684163734
0.299000000000001	0.0127684275318411
0.299500000000001	0.0125195074617682
0.300000000000001	0.0122750362894532
0.300500000000001	0.0120349430666257
0.301000000000001	0.0117991578037800
0.301500000000001	0.0115676114605409
0.302000000000001	0.0113402359360632
0.302500000000001	0.0111169640594672
0.303000000000001	0.0108977295803102
0.303500000000001	0.0106824671590951
0.304000000000001	0.0104711123578186
0.304500000000001	0.0102636016305586
0.305000000000001	0.0100598723141022
0.305500000000001	0.00985986261861630
0.306000000000001	0.00966351161836009
0.306500000000001	0.00947075924244210
0.307000000000001	0.00928154626562162
0.307500000000001	0.00909581429915572
0.308000000000001	0.00891350578169299
0.308500000000001	0.00873456397021444
0.309000000000001	0.00855893293102268
0.309500000000001	0.00838655753078015
0.310000000000001	0.00821738342759691
0.310500000000001	0.00805135706216908
0.311000000000001	0.00788842564896846
0.311500000000001	0.00772853716748391
0.312000000000001	0.00757164035351548
0.312500000000001	0.00741768469052158
0.313000000000001	0.00726662040102001
0.313500000000001	0.00711839843804339
0.314000000000001	0.00697297047664953
0.314500000000001	0.00683028890548726
0.315000000000001	0.00669030681841835
0.315500000000001	0.00655297800619585
0.316000000000001	0.00641825694819945
0.316500000000001	0.00628609880422821
0.317000000000001	0.00615645940635120
0.317500000000001	0.00602929525081633
0.318000000000001	0.00590456349001781
0.318500000000001	0.00578222192452264
0.319000000000001	0.00566222899515634
0.319500000000001	0.00554454377514844
0.320000000000001	0.00542912596233778
0.320500000000001	0.00531593587143817
0.321000000000001	0.00520493442636435
0.321500000000001	0.00509608315261889
0.322000000000001	0.00498934416973983
0.322500000000001	0.00488468018380958
0.323000000000001	0.00478205448002509
0.323500000000001	0.00468143091532957
0.324000000000001	0.00458277391110574
0.324500000000001	0.00448604844593104
0.325000000000001	0.00439122004839450
0.325500000000001	0.00429825478997579
0.326000000000001	0.00420711927798623
0.326500000000001	0.00411778064857199
0.327000000000001	0.00403020655977942
0.327500000000001	0.00394436518468266
0.328000000000001	0.00386022520457347
0.328500000000001	0.00377775580221330
0.329000000000001	0.00369692665514759
0.329500000000001	0.00361770792908235
0.330000000000001	0.00354007027132281
0.330500000000001	0.00346398480427434
0.331000000000001	0.00338942311900530
0.331500000000001	0.00331635726887201
0.332000000000001	0.00324475976320556
0.332500000000001	0.00317460356106038
0.333000000000001	0.00310586206502465
0.333500000000001	0.00303850911509214
0.334000000000001	0.00297251898259553
0.334500000000001	0.00290786636420108
0.335000000000001	0.00284452637596435
0.335500000000001	0.00278247454744692
0.336000000000001	0.00272168681589390
0.336500000000001	0.00266213952047207
0.337000000000001	0.00260380939656837
0.337500000000001	0.00254667357014861
0.338000000000001	0.00249070955217618
0.338500000000001	0.00243589523309049
0.339000000000001	0.00238220887734495
0.339500000000001	0.00232962911800423
0.340000000000001	0.00227813495140054
0.340500000000001	0.00222770573184870
0.341000000000001	0.00217832116641969
0.341500000000001	0.00212996130977247
0.342000000000001	0.00208260655904374
0.342500000000001	0.00203623764879535
0.343000000000001	0.00199083564601910
0.343500000000001	0.00194638194519861
0.344000000000001	0.00190285826342794
0.344500000000001	0.00186024663558669
0.345000000000001	0.00181852940957122
0.345500000000001	0.00177768924158166
0.346000000000001	0.00173770909146442
0.346500000000001	0.00169857221810984
0.347000000000001	0.00166026217490462
0.347500000000001	0.00162276280523875
0.348000000000001	0.00158605823806654
0.348500000000001	0.00155013288352133
0.349000000000001	0.00151497142858371
0.349500000000001	0.00148055883280269
0.350000000000001	0.00144688032406957
0.350500000000001	0.00141392139444409
0.351000000000001	0.00138166779603253
0.351500000000001	0.00135010553691732
0.352000000000001	0.00131922087713785
0.352500000000001	0.00128900032472204
0.353000000000001	0.00125943063176831
0.353500000000001	0.00123049879057757
0.354000000000001	0.00120219202983482
0.354500000000001	0.00117449781083997
0.355000000000001	0.00114740382378753
0.355500000000001	0.00112089798409462
0.356000000000001	0.00109496842877717
0.356500000000001	0.00106960351287362
0.357000000000001	0.00104479180591592
0.357500000000001	0.00102052208844732
0.358000000000001	0.000996783348586611
0.358500000000001	0.000973564778638334
0.359000000000001	0.000950855771748636
0.359500000000001	0.000928645918606297
0.360000000000001	0.000906925004188556
0.360500000000001	0.000885683004551313
0.361000000000001	0.000864910083663284
0.361500000000001	0.000844596590283739
0.362000000000001	0.000824733054883348
0.362500000000001	0.000805310186607801
0.363000000000001	0.000786318870283708
0.363500000000001	0.000767750163466453
0.364000000000001	0.000749595293529501
0.364500000000001	0.000731845654794840
0.365000000000001	0.000714492805704057
0.365500000000001	0.000697528466029715
0.366000000000001	0.000680944514126566
0.366500000000001	0.000664732984222230
0.367000000000001	0.000648886063746895
0.367500000000001	0.000633396090701670
0.368000000000001	0.000618255551065148
0.368500000000001	0.000603457076237797
0.369000000000001	0.000588993440523777
0.369500000000001	0.000574857558649743
0.370000000000001	0.000561042483320292
0.370500000000001	0.000547541402809594
0.371000000000001	0.000534347638588849
0.371500000000001	0.000521454642989148
0.372000000000001	0.000508855996899357
0.372500000000001	0.000496545407498614
0.373000000000001	0.000484516706023065
0.373500000000001	0.000472763845566426
0.374000000000001	0.000461280898914000
0.374500000000001	0.000450062056409741
0.375000000000001	0.000439101623856011
0.375500000000001	0.000428394020445602
0.376000000000001	0.000417933776725685
0.376500000000001	0.000407715532593271
0.377000000000001	0.000397734035321827
0.377500000000001	0.000387984137618661
0.378000000000001	0.000378460795712718
0.378500000000001	0.000369159067472383
0.379000000000001	0.000360074110552957
0.379500000000001	0.000351201180573425
0.380000000000001	0.000342535629322141
0.380500000000001	0.000334072902991088
0.381000000000001	0.000325808540438336
0.381500000000001	0.000317738171478352
0.382000000000001	0.000309857515199804
0.382500000000001	0.000302162378310500
0.383000000000001	0.000294648653509127
0.383500000000001	0.000287312317883424
0.384000000000001	0.000280149431334467
0.384500000000001	0.000273156135026698
0.385000000000001	0.000266328649863385
0.385500000000001	0.000259663274987155
0.386000000000001	0.000253156386305279
0.386500000000001	0.000246804435039378
0.387000000000001	0.000240603946299204
0.387500000000001	0.000234551517680204
0.388000000000001	0.000228643817884504
0.388500000000001	0.000222877585365026
0.389000000000001	0.000217249626992403
0.389500000000001	0.000211756816744383
0.390000000000001	0.000206396094417406
0.390500000000001	0.000201164464360054
0.391000000000001	0.000196058994228056
0.391500000000001	0.000191076813760557
0.392000000000001	0.000186215113577342
0.392500000000001	0.000181471143996717
0.393000000000001	0.000176842213873765
0.393500000000001	0.000172325689458663
0.394000000000001	0.000167918993274793
0.394500000000001	0.000163619603016352
0.395000000000001	0.000159425050465169
0.395500000000001	0.000155332920426469
0.396000000000001	0.000151340849683286
0.396500000000001	0.000147446525969262
0.397000000000001	0.000143647686959559
0.397500000000001	0.000139942119279612
0.398000000000001	0.000136327657531459
0.398500000000001	0.000132802183337386
0.399000000000001	0.000129363624400623
0.399500000000001	0.000126009953582836
0.400000000000001	0.000122739187998166
0.400500000000001	0.000119549388123545
0.401000000000001	0.000116438656925071
0.401500000000001	0.000113405139000155
0.402000000000001	0.000110447019735240
0.402500000000001	0.000107562524478818
0.403000000000001	0.000104749917729521
0.403500000000001	0.000102007502339057
0.404000000000001	9.93336187297418e-05
0.404500000000001	9.67266441264168e-05
0.405000000000001	9.41849918025062e-05
0.405500000000001	9.17071103400081e-05
0.406000000000001	8.92914829031847e-05
0.406500000000001	8.69366265257404e-05
0.407000000000001	8.46410914112685e-05
0.407500000000001	8.24034602467543e-05
0.408000000000001	8.02223475289249e-05
0.408500000000001	7.80963989032364e-05
0.409000000000001	7.60242905152932e-05
0.409500000000001	7.40047283744981e-05
0.410000000000001	7.20364477297313e-05
0.410500000000001	7.01182124568626e-05
0.411000000000001	6.82488144578998e-05
0.411500000000001	6.64270730715837e-05
0.412000000000001	6.46518344952352e-05
0.412500000000001	6.29219712176731e-05
0.413000000000001	6.12363814630116e-05
0.413500000000001	5.95939886451613e-05
0.414000000000001	5.79937408328461e-05
0.414500000000001	5.64346102249671e-05
0.415000000000001	5.49155926361309e-05
0.415500000000001	5.34357069921735e-05
0.416000000000001	5.19939948355091e-05
0.416500000000001	5.05895198401348e-05
0.417000000000001	4.92213673361254e-05
0.417500000000001	4.78886438434561e-05
0.418000000000001	4.65904766149914e-05
0.418500000000001	4.53260131884805e-05
0.419000000000001	4.40944209474047e-05
0.419500000000001	4.28948866905204e-05
0.420000000000001	4.17266162099467e-05
0.420500000000001	4.05888338776478e-05
0.421000000000001	3.94807822401620e-05
0.421500000000001	3.84017216214317e-05
0.422000000000001	3.73509297335912e-05
0.422500000000001	3.63277012955714e-05
0.423000000000001	3.53313476593809e-05
0.423500000000001	3.43611964439280e-05
0.424000000000001	3.34165911762467e-05
0.424500000000001	3.24968909399951e-05
0.425000000000001	3.16014700310944e-05
0.425500000000001	3.07297176203792e-05
0.426000000000001	2.98810374231330e-05
0.426500000000001	2.90548473753820e-05
0.427000000000001	2.82505793168259e-05
0.427500000000001	2.74676786802826e-05
0.428000000000001	2.67056041875288e-05
0.428500000000001	2.59638275514173e-05
0.429000000000001	2.52418331841572e-05
0.429500000000001	2.45391179116406e-05
0.430000000000001	2.38551906937065e-05
0.430500000000001	2.31895723502286e-05
0.431000000000001	2.25417952929204e-05
0.431500000000001	2.19114032627505e-05
0.432000000000001	2.12979510728615e-05
0.432500000000001	2.07010043568911e-05
0.433000000000001	2.01201393225917e-05
0.433500000000001	1.95549425106496e-05
0.434000000000001	1.90050105586050e-05
0.434500000000001	1.84699499697757e-05
0.435000000000001	1.79493768870890e-05
0.435500000000001	1.74429168717291e-05
0.436000000000001	1.69502046865062e-05
0.436500000000001	1.64708840838590e-05
0.437000000000001	1.60046075983982e-05
0.437500000000001	1.55510363439072e-05
0.438000000000001	1.51098398147111e-05
0.438500000000001	1.46806956913298e-05
0.439000000000001	1.42632896503333e-05
0.439500000000001	1.38573151783159e-05
0.440000000000001	1.34624733899098e-05
0.440500000000001	1.30784728497582e-05
0.441000000000001	1.27050293983717e-05
0.441500000000001	1.23418659817900e-05
0.442000000000001	1.19887124849753e-05
0.442500000000001	1.16453055688625e-05
0.443000000000001	1.13113885109955e-05
0.443500000000001	1.09867110496766e-05
0.444000000000001	1.06710292315605e-05
0.444500000000001	1.03641052626238e-05
0.445000000000001	1.00657073624431e-05
0.445500000000001	9.77560962171407e-06
0.446000000000001	9.49359186294933e-06
0.446500000000001	9.21943950428789e-06
0.447000000000001	8.95294342635640e-06
0.447500000000001	8.69389984211897e-06
0.448000000000001	8.44211016965605e-06
0.448500000000001	8.19738090781278e-06
0.449000000000001	7.95952351465837e-06
0.449500000000001	7.72835428870015e-06
0.450000000000001	7.50369425279541e-06
0.450500000000001	7.28536904070660e-06
0.451000000000001	7.07320878624573e-06
0.451500000000001	6.86704801495490e-06
0.452000000000001	6.66672553827121e-06
0.452500000000001	6.47208435012494e-06
0.453000000000001	6.28297152592112e-06
0.453500000000001	6.09923812385513e-06
0.454000000000001	5.92073908851471e-06
0.454500000000001	5.74733315672076e-06
0.455000000000001	5.57888276556091e-06
0.455500000000001	5.41525396257031e-06
0.456000000000001	5.25631631801535e-06
0.456500000000001	5.10194283923659e-06
0.457000000000001	4.95200988700801e-06
0.457500000000001	4.80639709387098e-06
0.458000000000001	4.66498728440159e-06
0.458500000000001	4.52766639737114e-06
0.459000000000001	4.39432340976050e-06
0.459500000000001	4.26485026258944e-06
0.460000000000001	4.13914178852322e-06
0.460500000000001	4.01709564121927e-06
0.461000000000001	3.89861222637755e-06
0.461500000000001	3.78359463445921e-06
0.462000000000001	3.67194857503829e-06
0.462500000000001	3.56358231275280e-06
0.463000000000001	3.45840660482120e-06
0.463500000000001	3.35633464009218e-06
0.464000000000001	3.25728197959496e-06
0.464500000000001	3.16116649855948e-06
0.465000000000001	3.06790832987522e-06
0.465500000000001	2.97742980895889e-06
0.466000000000001	2.88965542000159e-06
0.466500000000001	2.80451174356652e-06
0.467000000000001	2.72192740550935e-06
0.467500000000001	2.64183302719352e-06
0.468000000000001	2.56416117697375e-06
0.468500000000001	2.48884632292131e-06
0.469000000000001	2.41582478676545e-06
0.469500000000001	2.34503469902585e-06
0.470000000000001	2.27641595531142e-06
0.470500000000001	2.20991017376160e-06
0.471000000000001	2.14546065360665e-06
0.471500000000001	2.08301233482399e-06
0.472000000000001	2.02251175886837e-06
0.472500000000001	1.96390703045383e-06
0.473000000000001	1.90714778036638e-06
0.473500000000001	1.85218512928639e-06
0.474000000000001	1.79897165260060e-06
0.474500000000001	1.74746134618373e-06
0.475000000000001	1.69760959313063e-06
0.475500000000001	1.64937313141995e-06
0.476000000000001	1.60271002249116e-06
0.476500000000001	1.55757962071685e-06
0.477000000000001	1.51394254375314e-06
0.477500000000001	1.47176064375100e-06
0.478000000000001	1.43099697941221e-06
0.478500000000001	1.39161578887364e-06
0.479000000000001	1.35358246340451e-06
0.479500000000001	1.31686352190122e-06
0.480000000000001	1.28142658616500e-06
0.480500000000001	1.24724035694822e-06
0.481000000000001	1.21427459075515e-06
0.481500000000001	1.18250007738382e-06
0.482000000000001	1.15188861819583e-06
0.482500000000001	1.12241300510136e-06
0.483000000000001	1.09404700024694e-06
0.483500000000001	1.06676531639428e-06
0.484000000000001	1.04054359797829e-06
0.484500000000001	1.01535840283337e-06
0.485000000000001	9.91187184576965e-07
0.485500000000001	9.68008275639992e-07
0.486000000000001	9.45800870934125e-07
0.486500000000001	9.24545012146116e-07
0.487000000000001	9.04221572649839e-07
0.487500000000001	8.84812243027035e-07
0.488000000000001	8.66299517188089e-07
0.488500000000001	8.48666679084528e-07
0.489000000000001	8.31897790005258e-07
0.489500000000001	8.15977676448912e-07
0.490000000000001	8.00891918564980e-07
0.490500000000001	7.86626839156802e-07
0.491000000000001	7.73169493239742e-07
0.491500000000001	7.60507658148242e-07
0.492000000000001	7.48629824185776e-07
0.492500000000001	7.37525185812042e-07
0.493000000000001	7.27183633362037e-07
0.493500000000001	7.17595745291986e-07
0.494000000000001	7.08752780947414e-07
0.494500000000001	7.00646673848973e-07
0.495000000000001	6.93270025491922e-07
0.495500000000001	6.86616099655478e-07
0.496000000000001	6.80678817218583e-07
0.496500000000001	6.75452751478913e-07
0.497000000000001	6.70933123972273e-07
0.497500000000001	6.67115800789826e-07
0.498000000000001	6.63997289390894e-07
0.498500000000001	6.61574735909401e-07
0.499000000000001	6.59845922952290e-07
0.499500000000001	6.58809267888588e-07